4	3	-0.42003	-7.9579	-13.912	-13.504	-1.3607	-2.1277	-6.7086	-5.6505	-2.8843	-4.6078	-0.42003	-7.9579	-3.2645	-3.3204	-12.264	-20.568	-0.88565	-11.755	-3.24	-10.181	-0.42003	-7.9579	-3.2974	-9.356	-6.5959	-14.682	-1.5316	-7.2145	-3.24	-10.181
53	3	-0.35392	-3.6869	0.53586	-5.4292	-6.8154	-24.131	1.3249	-5.2249	-5.9328	-6.1728	-0.35392	-3.6869	-4.3129	-9.9446	-0.80683	-10.035	-3.0634	1.3413	-5.9326	-6.1642	-0.35392	-3.6869	-10.333	-14.719	2.0636	-4.6423	-3.082	1.3407	-5.7685	-4.7776
83	3	-2.7505	-0.78697	-16.946	-16.275	-3.4854	-0.4975	-4.8228	-0.13267	-6.142	0.44854	-2.7505	-0.78697	-11.029	-4.8659	-7.7323	-9.9348	0.14486	-2.3119	-6.1469	-0.19905	-2.7505	-0.78697	-4.1855	-4.7448	-12.229	-20.741	-0.13682	-4.9131	-6.5629	-2.733
206	3	-1.3612	-2.3162	-14.336	-15.266	-1.3124	-1.4822	-4.726	0.67286	-2.3744	1.0315	-1.3612	-2.3162	-3.7385	-4.3835	-9.2536	-14.318	1.7916	-3.0991	-3.0771	-4.8234	-1.3612	-2.3162	-9.1042	-10.506	-6.2814	-3.6392	0.31468	0.41832	-2.3744	1.0311
219	3	0.20743	-4.4912	-13.068	-1.3778	-6.3163	-8.3684	0.37701	2.2902	-6.1263	-6.0898	0.20743	-4.4912	-5.335	0.058616	-11.637	-17.312	0.92172	-4.1342	-6.1374	-8.4363	0.20743	-4.4912	-13.367	-11.321	-2.5724	0.060301	-4.071	2.2915	-6.0719	-5.5721
241	3	-3.1203	-4.7668	-11.497	-7.235	-4.0327	-6.5726	-1.1908	-4.3094	-0.7299	-3.0191	-3.1203	-4.7668	-11.523	-5.1569	-3.6046	-9.7977	-2.7787	-2.9414	-0.74533	-3.4284	-3.1203	-4.7668	0.63658	-1.9992	-9.0637	-17.43	0.28348	-7.3043	-1.557	-5.3493
258	3	-1.3425	-5.5653	-11.889	-14.88	1.4722	-2.2135	-7.7841	-0.4052	-2.0173	-3.9878	-1.3425	-5.5653	-3.3782	-5.1715	-4.6273	-9.7303	-5.8653	1.1965	-2.9938	-4.8338	-1.3425	-5.5653	-8.4517	-9.576	1.0553	-9.3212	-7.9618	0.10451	-2.2905	-4.3506
273	3	3.0086	-2.4789	-14.059	-14.675	-1.2656	-3.6949	-6.5088	-0.68753	-5.4954	-2.8833	3.0086	-2.4789	-6.593	-3.1642	-9.9986	-11.192	-4.8298	-5.7687	-7.0795	-6.7288	3.0086	-2.4789	-7.9729	-8.731	-5.8663	-6.2512	-2.3564	-3.4478	-5.4964	-2.9224
353	3	-1.6253	-5.5384	-10.843	-13.99	-2.0286	-1.2754	-1.5819	-1.9268	-3.6238	-3.3362	-1.6253	-5.5384	-2.9952	-2.4552	-12.081	-21.363	4.9313	-7.6442	-4.2508	-6.1977	-1.6253	-5.5384	-3.2904	-8.0163	-6.0223	-15.147	4.0886	-4.3359	-4.2508	-6.1977
390	3	1.0586	-2.1854	-5.8595	-4.5514	-6.2189	-19.586	-1.084	-4.9308	-8.9028	-6.8224	1.0586	-2.1854	-6.4916	-8.404	-2.0019	-10.762	-4.4875	-0.37355	-6.4754	-3.0458	1.0586	-2.1854	-10.022	-11.091	-0.50951	-3.874	-4.156	-1.3981	-4.7329	-2.4673
410	3	-1.4127	-4.6898	-11.71	-13.129	1.881	0.73457	-6.5535	1.39	-6.8805	-8.672	-1.4127	-4.6898	-1.2781	-1.9099	-8.9524	-13.312	-2.0258	-3.6518	-6.8811	-10.06	-1.4127	-4.6898	-7.4167	-7.7593	-5.5411	-1.5635	-2.0238	-1.027	-6.8805	-8.672
423	3	-0.52215	-0.51998	-3.1471	-2.5072	-6.6057	-16.322	-0.97001	-7.9095	-4.2381	-6.5297	-0.52215	-0.51998	-11.083	-12.511	-0.56255	-2.46	-4.9651	-1.6954	-4.1154	-2.0753	-0.52215	-0.51998	-4.6184	-11.356	-1.0586	-7.3982	-3.8443	-1.8049	-4.1175	-2.6038
429	3	-4.5739	-7.5387	-6.4537	-1.5147	-13.549	-15.639	-8.3256	-4.6027	-6.4706	-1.3821	-4.5739	-7.5387	-12.012	-9.1476	-3.0419	-3.0306	-7.164	-0.61583	-3.2839	-0.065313	-4.5739	-7.5387	-10.72	-1.5317	-8.698	-10.75	-8.7015	-2.6324	-6.4704	-1.3818
654	3	-0.48001	-3.0351	0.070771	-5.2578	-8.3637	-16.925	-0.94642	-5.8983	-5.0839	-2.4713	-0.48001	-3.0351	-9.9128	-11.122	3.9894	-5.3309	-1.9266	-2.4495	-3.5047	0.4976	-0.48001	-3.0351	-6.5143	-5.0186	-2.2284	-9.5732	-0.90342	-3.3629	-3.6112	0.24114
656	3	1.1167	-4.3055	-3.1963	-10.694	-5.1893	-2.8452	-10.929	-2.4303	-4.7472	-0.9629	1.1167	-4.3055	-0.24628	-7.1641	-5.4889	-8.6078	-9.7756	-2.8669	-4.7472	-1.9154	1.1167	-4.3055	-9.3417	-16.033	0.60776	2.5602	-12.074	1.2327	-4.7472	-0.9629
663	3	-3.1574	-3.5709	-3.7234	-1.7316	-9.9069	-25.821	-1.5873	-3.8983	1.7408	-5.1366	-3.1574	-3.5709	-14.623	-11.569	-1.6437	-3.8133	-5.148	0.65893	3.0328	-1.4077	-3.1574	-3.5709	-4.4236	-7.6042	-6.0019	-8.6932	-5.0634	0.12932	2.9966	-1.8704
673	3	-3.988	-5.0703	-7.4645	-8.7063	-0.7048	-10.343	-3.5801	-0.64317	-5.022	-3.1973	-3.988	-5.0703	-3.0247	-2.3418	-10.051	-21.335	0.51904	-4.5612	-5.313	-3.4464	-3.988	-5.0703	-5.3744	-8.9436	-4.0157	-15.57	-1.4193	-0.91974	-5.313	-3.4463
705	3	-0.8766	-4.0275	-9.9382	-12.647	-1.2796	-6.633	-5.4033	1.0343	-4.1691	-1.6919	-0.8766	-4.0275	2.2135	-3.5094	-5.4323	-11.162	-1.4228	1.6263	-4.9327	-3.1786	-0.8766	-4.0275	-4.2243	-9.9182	-1.3954	-10.687	-5.3676	1.2641	-4.3876	-2.5551
732	3	-4.2956	-3.8089	-3.4104	-2.8024	-11.983	-13.132	-7.8925	-7.4255	-6.3461	-5.4051	-4.2956	-3.8089	-7.2575	-6.3745	-6.826	-6.3873	-7.4405	-1.7513	-5.5922	-4.1761	-4.2956	-3.8089	-13.585	-9.5153	-0.85135	0.03575	-10.827	-0.94161	-5.4816	-4.1329
806	3	-0.79052	-4.2727	-6.1149	-12.148	-7.6312	-1.8484	-6.4597	-2.2603	-5.1279	-3.7505	-0.79052	-4.2727	-12.045	-16.583	-3.2686	-1.6366	-9.4153	-1.4473	-5.1279	-3.7505	-0.79052	-4.2727	-1.0274	-6.0046	-8.0981	-10.162	-6.7444	-2.3791	-5.4617	-6.5715
808	3	-1.5872	0.67384	-13.731	-14.049	1.6347	-4.9429	-5.3909	-1.3716	-2.9767	-3.4673	-1.5872	0.67384	-5.0956	-1.5028	-8.5857	-21.067	-1.5174	-2.4825	-4.3249	-6.9189	-1.5872	0.67384	-6.4613	-14.054	-2.2431	-9.753	-3.619	-0.51703	-3.3433	-4.4943
818	3	-1.2498	-1.3873	-0.76005	-8.8815	-10.054	-12.814	-9.7971	-4.247	-4.51	-5.9354	-1.2498	-1.3873	-9.67	-13.432	-3.324	-2.9328	-11.437	0.10589	-4.0007	-5.0308	-1.2498	-1.3873	-0.59929	-6.7124	-11.652	-14.158	-9.9167	-5.1743	-4.5657	-6.7499
823	3	-2.6417	-2.9858	-0.56167	-5.0316	-4.6247	-14.818	0.87216	-6.9443	-4.3379	-6.9009	-2.6417	-2.9858	-9.1072	-14.594	3.0445	-2.4856	-2.7259	-6.1235	-2.4665	-2.6034	-2.6417	-2.9858	-4.4913	-8.1529	1.9465	-10.443	-2.541	-6.1294	-2.494	-2.7466
831	3	-0.95921	-0.18771	-1.915	-6.801	-9.8735	-14.39	-4.4042	-6.1289	-3.665	-3.8665	-0.95921	-0.18771	-13.337	-17.046	0.12708	-2.4939	-9.6247	-0.69722	-3.0651	-1.899	-0.95921	-0.18771	-2.9411	-16.565	-4.0065	-9.1497	-4.077	-1.7861	-3.1459	-2.8738
872	3	-1.3992	-3.8321	0.47832	-2.3308	-8.1007	-15.283	-1.8012	-3.948	-1.4872	-1.2744	-1.3992	-3.8321	-0.83191	-6.5296	-5.273	-8.1243	-4.2691	-3.2311	-0.78452	1.0526	-1.3992	-3.8321	-8.9566	-10.845	-1.8864	-2.7461	-6.9508	-2.8747	-0.56133	2.7205
912	3	-3.3952	-0.13399	-1.5684	2.7571	-7.9484	-14.356	-1.2157	-5.7143	-2.6978	-5.2547	-3.3952	-0.13399	-13.568	-5.7983	4.8209	-2.8109	-6.5175	-4.4531	-2.4519	-4.7695	-3.3952	-0.13399	-11.717	-2.8131	3.227	-6.664	-6.2966	-4.453	-2.4519	-4.7696
940	3	-1.7338	-0.4657	-8.5844	-2.7982	-8.5585	-4.4596	1.5691	-8.9564	-1.5673	-2.8294	-1.7338	-0.4657	-17.172	-9.0755	-3.8722	3.1017	-2.3337	-3.4936	-1.2499	-2.5994	-1.7338	-0.4657	-15.691	-4.1992	-6.4428	0.54358	-0.46063	-3.5761	-1.2502	-2.5997
960	3	-3.3475	-2.7189	-11.356	-4.1171	-4.2055	-11.17	0.68283	-4.5819	-0.024812	-4.1473	-3.3475	-2.7189	-2.0448	-0.47379	-8.1987	-13.045	-0.13603	-4.4995	-1.0433	-5.1202	-3.3475	-2.7189	-12.365	-6.1712	-3.5893	-9.7909	-0.43472	-4.4927	0.22652	-3.5931
972	3	1.5446	1.0083	-6.3759	-8.7177	-2.5395	-8.1808	-3.1667	-2.5345	1.8283	0.65801	1.5446	1.0083	-2.7998	-6.6104	-8.2112	-15.618	-0.90527	-4.0006	1.8	-0.87247	1.5446	1.0083	-3.6042	-8.1346	-6.4896	-13.312	-1.6765	-3.1668	1.8	-0.87247
1020	3	-1.6977	-1.5963	-7.6591	-16.071	-1.0737	-7.6984	-6.2858	-5.692	-4.5606	-5.026	-1.6977	-1.5963	-1.6381	-10.707	-5.3972	-11.973	-3.7287	-6.5835	-4.6065	-5.6478	-1.6977	-1.5963	1.5643	-4.7173	-8.2646	-18.645	-0.27759	-9.2116	-4.8564	-6.3289
1096	3	-1.2365	-3.691	-10.723	-11	-0.41286	-4.6811	-6.7537	-6.5273	-2.2662	-3.6962	-1.2365	-3.691	-7.3566	-2.7517	-8.6013	-13.624	-1.9603	-5.8414	-4.1892	-7.3762	-1.2365	-3.691	-6.4674	-10.969	-3.7318	-8.7141	-2.3321	-7.2365	-2.2942	-4.0053
1107	3	-2.68	-1.9308	-13.314	-10.147	-0.24097	-3.0778	-5.2458	-2.9992	-2.014	-2.4061	-2.68	-1.9308	-8.3876	-8.0123	0.11364	-6.3852	-5.6299	-2.9987	-2.0147	-5.3182	-2.68	-1.9308	-3.7107	-2.4289	-7.2953	-17.525	-0.48423	-7.4119	-2.0265	-6.7133
1111	3	-4.7672	-2.4198	-9.7556	-8.5866	-6.6232	-4.701	-5.3271	-4.0004	-3.176	-1.9688	-4.7672	-2.4198	-14.98	-13.277	-3.4483	-3.3631	-8.4723	-3.4989	-3.1741	-1.9484	-4.7672	-2.4198	-6.4182	-8.6191	-6.4263	-8.9882	-5.4309	-3.8099	-3.2756	-2.385
1245	3	-2.1632	-2.9085	-11.048	-3.5283	-5.933	-4.6603	-1.3764	-1.7094	-1.8948	-5.7634	-2.1632	-2.9085	-0.56252	1.3729	-11.208	-15.057	-1.2872	-5.4069	-1.9211	-7.4491	-2.1632	-2.9085	-11.451	-9.6922	0.40147	0.74688	-5.8113	-0.10406	-1.8943	-5.7564
1371	3	-1.3691	-3.0825	-6.215	-5.0295	-9.7495	-24.375	-3.6349	-8.5804	-3.2745	-5.3588	-1.3691	-3.0825	-11.468	-6.2458	-5.2964	-14.286	-4.8217	-2.7081	-3.2605	-3.3651	-1.3691	-3.0825	-18.678	-13.687	-2.2723	-8.5695	-5.0132	-2.1062	-3.2605	-3.1084
1450	3	-1.8428	-3.5355	-5.8897	-4.5864	-6.9841	-12.656	-5.6299	-7.1967	-3.4692	-4.3626	-1.8428	-3.5355	-9.2848	-9.4936	-1.7626	-9.8232	-2.3514	-3.7894	-0.58737	-1.8089	-1.8428	-3.5355	-9.2942	-9.4846	-1.3411	-9.7902	-2.3848	-3.7231	-0.78056	-2.0527
1452	3	-1.0667	-3.6384	-5.1348	-0.51233	-5.8963	-22.929	0.23185	-7.1784	1.0881	-7.2104	-1.0667	-3.6384	-16.161	-9.4224	0.99084	-5.8631	-3.3525	-3.3347	1.6461	-5.5499	-1.0667	-3.6384	-11.139	-4.1799	-1.5392	-11.254	-3.3592	-3.3348	1.0945	-7.1947
1506	3	-3.3644	-5.6097	1.308	-3.793	-10.912	-23.245	-1.6065	-5.2153	-4.0718	-12.113	-3.3644	-5.6097	0.67527	-9.3811	-4.3923	-11.085	-3.675	0.28081	-4.0716	-12.105	-3.3644	-5.6097	-6.3152	-16.884	-2.2094	-5.5238	-6.7033	-0.010327	-3.5548	-5.7409
1536	3	-0.94752	-6.4936	-4.693	-5.9763	-8.4806	-12.932	-7.0159	-3.0208	-4.1741	-5.6602	-0.94752	-6.4936	-6.7128	-14.624	-3.3808	-2.9471	-5.7813	1.6814	-1.9857	-3.3018	-0.94752	-6.4936	-6.0618	-11.223	-4.7016	-5.31	-5.7818	0.65303	-1.9858	-3.3021
1571	3	-1.5404	-7.1253	-10.868	-13.79	-0.67305	-1.3671	-9.2551	-2.226	-6.4806	-3.479	-1.5404	-7.1253	-8.5346	-4.2501	-4.3432	-7.2483	-4.6759	-2.4836	-6.4806	-3.6223	-1.5404	-7.1253	-4.7141	-3.2531	-6.2566	-13.071	-4.5531	-7.5035	-6.4806	-3.7702
1614	3	-2.8049	-2.5158	-1.7071	-3.1724	-8.9433	-15.613	1.1788	-4.7829	-5.1704	-7.3758	-2.8049	-2.5158	-11.089	-12.814	1.3948	-4.4456	-4.4044	0.16508	-4.18	-4.7469	-2.8049	-2.5158	-1.2408	-8.8142	-3.1738	-14.687	0.84141	-1.2956	-4.9777	-7.0353
1632	3	-0.22696	-5.3891	-9.8979	-10.528	-5.6117	-4.0974	-5.2431	-1.2959	-3.57	-4.9174	-0.22696	-5.3891	-3.4867	-1.7394	-12.209	-18.638	-1.2809	-4.8738	-3.6168	-5.8708	-0.22696	-5.3891	-5.0525	-7.916	-5.6246	-9.3326	-5.2342	-1.2511	-3.607	-5.8124
1713	3	-3.287	-3.806	-10.284	-10.379	-0.98014	-10.065	-4.7187	0.31815	-3.4208	0.29909	-3.287	-3.806	-1.6753	-10.238	-5.6362	-23.773	-0.54023	-3.6206	-3.671	-3.2775	-3.287	-3.806	-1.606	-3.7952	-11.717	-29.284	-0.45876	-5.8851	-3.671	-3.2775
1716	3	-1.9106	0.44633	-5.5123	-5.6725	-1.1786	-13.665	-6.7988	-5.6444	1.4972	-1.8994	-1.9106	0.44633	-9.7824	-8.4604	-1.1445	-10.857	-6.7839	-6.0012	1.6537	-1.6403	-1.9106	0.44633	-1.2067	-2.7552	-6.9072	-22.065	-1.3436	-6.7737	-0.040037	-4.1605
1843	3	-2.8722	-4.5608	-12.588	-12.769	-4.6648	-4.1905	-10.783	-2.4377	-0.30517	-2.2659	-2.8722	-4.5608	-5.0285	-2.6152	-10.667	-10.584	-6.9593	-7.066	-0.56128	-3.4155	-2.8722	-4.5608	-6.3651	-7.4679	-6.4049	-10.307	-10.047	-3.2195	-0.4943	-3.1645
1844	3	2.225	-2.4671	-9.2224	-11.426	1.8946	-4.2142	-5.0895	-3.9718	-2.0481	-2.6967	2.225	-2.4671	0.057156	-0.33893	-8.3503	-15.111	-1.0175	-2.2379	-2.5081	-3.6002	2.225	-2.4671	-4.7507	-0.46606	-5.6042	-11.072	-0.98649	-3.7138	-2.1108	-2.9155
1911	3	-3.8921	-2.9326	-12.724	-6.4343	-2.2249	-9.626	-3.4297	-4.0047	-4.7957	-3.7738	-3.8921	-2.9326	-12.478	-4.3058	-5.5715	-9.887	-4.1113	-4.1027	-5.7323	-4.0348	-3.8921	-2.9326	-12.569	-4.4166	-5.2609	-9.8271	-4.2828	-4.0195	-5.5387	-3.9645
1994	3	-1.6669	-3.7738	-13.964	-10.818	-2.611	-8.0815	-6.536	-2.6989	-2.648	-2.598	-1.6669	-3.7738	-4.91	-5.0498	-10.944	-22.467	-2.2066	-9.029	-2.839	-3.7545	-1.6669	-3.7738	-10.052	-5.4572	-4.7901	-11.799	-2.7886	-2.9361	-2.8303	-3.7359
2006	3	2.2193	-2.8594	-6.2637	-1.9554	-7.9414	-12.426	-0.90307	-3.9055	-1.0656	-4.2578	2.2193	-2.8594	-11.531	-6.655	-1.5196	-6.4259	-2.1949	2.0091	-0.3616	-3.4406	2.2193	-2.8594	-11.077	-2.419	-4.703	-9.9524	-1.4068	-2.8009	-0.69387	-4.0344
2029	3	-1.9479	-4.6486	-2.441	-9.6774	-2.7529	-8.251	2.5851	-0.77317	-0.20613	-4.5247	-1.9479	-4.6486	-9.3006	-14.392	3.7371	-2.1994	-1.6909	-0.62207	-0.16059	-4.2916	-1.9479	-4.6486	-0.4192	-4.2773	-4.0979	-14.725	1.697	-1.5933	-1.2204	-9.6232
2048	3	-1.4151	1.4833	-2.992	-6.8427	-8.7235	-17.691	-1.4609	-14.753	-3.4266	-8.3333	-1.4151	1.4833	-10.74	-13.125	-0.10769	-7.6766	-3.7774	-8.8886	-2.9916	-3.9698	-1.4151	1.4833	-3.3731	-9.4099	-2.6003	-15.446	-1.6903	-14.31	-3.4266	-8.3306
2052	3	-0.60853	-4.8078	-0.80533	-4.2402	-11.765	-15.005	0.19745	-3.7558	-4.2656	-5.2723	-0.60853	-4.8078	-0.77982	-10.598	-5.9751	-11.533	0.12695	-3.8161	-4.1026	-4.126	-0.60853	-4.8078	-11.066	-15.916	0.10201	-4.8121	-4.098	-2.5517	-3.7403	-1.2151
2083	3	-8.8039	-1.2168	-15.368	-14.321	-4.33	-2.5164	-7.0554	0.47211	-0.25398	2.9521	-8.8039	-1.2168	-3.7487	-4.8897	-9.0796	-7.3668	-5.4799	-4.6228	-1.1604	-0.79682	-8.8039	-1.2168	-13.384	-9.1721	-4.1225	-4.6468	-7.2083	0.5	-0.29677	1.8362
2090	3	-2.6292	-2.9777	0.91895	1.9734	-7.2629	-10.086	-2.714	-1.8154	-6.0297	-7.0852	-2.6292	-2.9777	-10.62	-7.6054	0.0126	-0.65014	-8.9579	0.064733	-5.3481	-3.7934	-2.6292	-2.9777	-5.3912	-2.9441	-4.4462	-3.8065	-4.3687	-0.67531	-5.3481	-3.7934
2120	3	-1.7396	-5.1614	-14.206	-1.2352	-8.0743	-11.916	-1.8362	-6.7777	-4.876	-3.149	-1.7396	-5.1614	-15.884	-11.89	-3.9592	-2.6763	-8.172	-1.1891	-4.8742	-3.1186	-1.7396	-5.1614	-7.5792	-0.23343	-8.1738	-16.778	-1.8901	-6.7254	-4.9034	-3.4718
2175	3	-2.3471	-2.3164	-11.195	-4.0098	0.54313	-7.4624	-9.0316	-4.6076	-2.5129	-2.2385	-2.3471	-2.3164	-14.249	-8.2752	5.0311	-1.9271	-8.9783	-3.7093	-2.4166	-2.1514	-2.3471	-2.3164	-5.2427	-1.3756	-2.0467	-9.2079	-6.0448	-9.4306	-2.7141	-2.3783
2177	3	-2.2535	-4.9323	-8.6706	-8.4099	-0.87579	-11.139	-11.881	0.77313	-6.8979	-5.2823	-2.2535	-4.9323	-14.153	-11.7	0.12885	-5.1806	-11.147	0.77295	-6.1951	-3.1115	-2.2535	-4.9323	-3.8203	-4.931	-11.488	-13.441	-6.6613	-3.5757	-6.8979	-5.2824
2185	3	-2.4665	-2.9989	-8.8847	-11.496	-7.4171	-6.5105	-3.8955	-1.9305	-3.42	-0.91168	-2.4665	-2.9989	-7.2446	-7.2723	-10.59	-9.92	-4.0122	-1.8058	-3.6959	-1.5393	-2.4665	-2.9989	-8.1612	-8.3562	-10.47	-9.1551	-4.1568	-1.7548	-3.5005	-1.1241
2186	3	-1.7954	-1.9485	-4.3642	-1.315	-14.016	-15.17	-1.3386	-7.7695	-0.50154	-4.6066	-1.7954	-1.9485	-15.818	-13.526	-3.6879	-6.9776	-6.4666	-5.0457	1.164	-2.8228	-1.7954	-1.9485	-8.7748	-3.8351	-7.555	-13.014	-1.5443	-5.917	-0.10954	-4.3102
2225	3	-2.7759	-3.8323	-1.2362	-5.5384	-9.2147	-21.818	-1.1459	-8.6263	-4.8877	-5.5677	-2.7759	-3.8323	-8.3903	-12.084	0.20435	-6.7982	-5.939	-6.3788	-4.4979	-2.7252	-2.7759	-3.8323	-3.8025	-9.642	-2.8929	-10.923	-6.0832	-5.379	-4.8122	-5.0821
2322	3	-4.0087	-4.7761	-4.4562	-13.984	-5.5707	-9.0156	-3.3053	-4.5036	-3.9154	-5.5752	-4.0087	-4.7761	-15.856	-19.804	-0.4837	1.6205	-8.9516	-1.9187	-3.5403	-4.755	-4.0087	-4.7761	-3.9665	-7.9217	-11.644	-12.339	-3.3328	-8.2506	-3.9336	-5.6399
2375	3	-0.75525	-1.7995	-2.7353	-2.688	-9.6582	-17.397	-0.19584	-5.2837	-7.1143	-3.2272	-0.75525	-1.7995	-9.4044	-8.9786	-1.7985	-9.0627	-2.972	-2.1093	-4.0573	-0.52261	-0.75525	-1.7995	-5.2771	-8.8986	-3.5357	-11.763	-1.6156	-3.7004	-7.1135	-3.1655
2391	3	-2.4382	-3.2164	-2.4196	-1.7899	-13.453	-29.398	1.2332	-5.5185	-3.2938	-4.9244	-2.4382	-3.2164	-8.1028	-7.4842	-0.87019	-13.045	-4.9041	-0.24666	-3.2914	-4.9102	-2.4382	-3.2164	-11.454	-10.258	-3.8136	-7.2517	-4.0165	-2.6283	-2.605	-2.6398
2405	3	-0.65285	-2.036	-14.783	-7.3572	-3.2789	-3.543	-9.51	-4.4624	-2.3006	-2.6766	-0.65285	-2.036	-8.5092	-6.0761	-5.8256	-9.0088	-5.972	-10.543	-2.3011	-2.6841	-0.65285	-2.036	-7.647	-6.2274	-6.8418	-10.725	-3.4211	-10.513	-2.6215	-3.559
2412	3	-2.0158	-5.0566	-5.849	-1.7893	-3.9932	-10.92	-6.7471	-5.3638	0.85156	-5.5205	-2.0158	-5.0566	-0.61963	2.2268	-8.2058	-22.448	-1.3436	-6.7607	0.57406	-5.8895	-2.0158	-5.0566	-9.9144	-7.2305	-0.72203	-5.8525	-6.2942	-5.5659	1.2036	-1.6996
2419	3	1.0444	-5.9366	-2.6287	-5.4775	-7.1333	-14.65	-6.8465	-2.907	-5.2124	-4.786	1.0444	-5.9366	-8.9213	-12.126	1.5301	-5.6615	-7.4847	1.8505	-1.6116	-2.5663	1.0444	-5.9366	-5.2564	-3.1528	-4.1399	-9.4978	-4.0384	1.6256	-1.6117	-2.5664
2426	3	-5.9543	-5.0742	-6.4656	-3.0235	-10.627	-21.708	-1.8286	-3.6149	-10.308	-5.5406	-5.9543	-5.0742	-14.009	-11.796	-2.5389	-6.0701	-7.5813	0.91127	-6.3591	0.082902	-5.9543	-5.0742	-14.577	-3.0848	-4.4862	-11.125	-7.7716	-1.5356	-10.308	-3.4826
2441	3	-4.2976	-3.3805	-8.6009	-3.1614	-4.4808	-13.742	-4.1522	-3.0193	-2.026	-0.96346	-4.2976	-3.3805	-3.7319	1.5585	-8.6721	-22.262	-0.77172	-9.0155	-2.0261	-2.8958	-4.2976	-3.3805	-12.707	-7.6767	-2.6138	-8.7649	-4.172	-2.9762	-2.026	1.9774
2463	3	0.46859	-0.72562	-16.022	-12.665	-2.4146	-5.4445	-6.2387	-4.092	-1.3026	-2.4335	0.46859	-0.72562	-6.6543	-2.5226	-10.468	-14.031	-2.812	-9.4663	-1.3887	-3.6367	0.46859	-0.72562	-10.838	-3.08	-7.3956	-8.0787	-3.1854	-5.0653	-1.3141	-2.9419
2465	3	1.0965	1.4318	-6.8456	-7.0965	-2.9163	-9.4285	-7.8168	1.1993	-5.3611	-2.298	1.0965	1.4318	-3.0724	-2.6698	-10.471	-23.546	-2.3253	-4.5582	-5.4561	-4.4811	1.0965	1.4318	-9.8072	-13.446	-2.3211	-5.8559	-7.8137	1.1995	-5.3569	-2.0891
2466	3	-1.1712	-4.2271	-17.349	-13.657	-5.3408	-6.9769	-1.6151	-3.6605	-1.687	-0.36112	-1.1712	-4.2271	-10.448	-10.068	-11.559	-10.695	3.0856	-8.9521	-1.7599	-1.1488	-1.1712	-4.2271	-10.64	-5.7802	-11.921	-13.497	3.0856	-7.8654	-2.114	-2.1844
2526	3	-0.31247	-1.7226	-11.92	-10.218	-0.15643	0.36528	-8.5303	-0.92671	-3.1628	-2.5129	-0.31247	-1.7226	-10.858	0.25622	-5.595	-6.705	-7.5543	-0.95242	-3.163	-2.6109	-0.31247	-1.7226	-7.3024	0.34675	-5.3739	-9.6761	-7.6494	-0.90016	-3.1824	-4.0547
2587	3	-2.6206	-4.4533	-0.20208	-4.9682	-9.8453	-20.668	-2.1611	-11.654	-2.6852	-1.2635	-2.6206	-4.4533	-12.03	-14.048	-2.5274	-2.9182	-8.6186	-5.2679	-2.6851	-0.020117	-2.6206	-4.4533	-10.607	-7.8016	-4.2406	-6.5049	-8.3699	-5.8725	-2.6851	-0.60757
2634	3	-1.1753	-2.6968	-3.1489	-2.1649	-9.9782	-6.0863	-6.605	-5.2102	0.36449	-0.44	-1.1753	-2.6968	1.7891	-0.85708	-12.093	-9.2581	-12.941	-4.028	-2.8635	-2.151	-1.1753	-2.6968	-9.5967	-8.4643	-2.0511	0.77439	-9.8867	-0.36994	0.3664	-0.43702
2668	3	-1.8584	-3.1346	-7.2318	-7.0572	-0.99126	-14.306	-6.643	-4.1617	-1.3513	-3.4458	-1.8584	-3.1346	-13.521	-7.8028	0.97489	-8.7182	-6.3396	-4.2603	-1.1106	-2.553	-1.8584	-3.1346	-1.6022	-2.2364	-8.1743	-24.667	-0.47759	-8.6037	-1.3513	-3.4458
2683	3	0.92165	-3.3898	-10.094	-8.7901	-1.329	-0.82017	-6.24	1.6069	2.0818	-3.2403	0.92165	-3.3898	-0.49121	2.2231	-8.9311	-12.828	-0.53384	-2.1311	1.0802	-7.111	0.92165	-3.3898	-6.476	-2.8337	-6.6715	-6.1331	-0.092672	-2.3617	2.0786	-3.2602
2710	3	-0.56585	-2.8302	0.17699	-8.6555	-6.1202	-17.708	-1.1073	-2.7214	-2.2833	-4.2577	-0.56585	-2.8302	1.0899	-3.3291	-11.463	-24.127	-1.0485	-2.7978	-2.2833	-4.2581	-0.56585	-2.8302	-8.9232	-13.828	-3.5609	-2.4758	-3.7147	1.7891	-1.9207	-1.4757
2722	3	-0.38115	-2.854	-0.2903	-2.9047	-9.6841	-19.732	-2.6585	-6.6907	-4.1785	-9.5485	-0.38115	-2.854	-6.7453	-6.7657	-0.61648	-5.9287	-8.3071	-4.3114	-1.6362	-5.3089	-0.38115	-2.854	-1.3376	-4.8091	-6.1676	-7.5714	-5.7422	-4.3093	-1.9058	-5.7476
2752	3	-4.6274	-0.3768	-4.8733	-0.94652	-16.62	-17.678	-3.9238	-7.1738	2.8288	-3.3693	-4.6274	-0.3768	-12.088	-11.177	-3.6302	-7.8394	-10.472	-2.2258	2.8307	-1.1565	-4.6274	-0.3768	-15.264	-11.243	-3.6264	-4.2502	-10.472	-2.2249	2.8307	-0.90083
2981	3	0.032763	-1.8089	2.5721	-1.3707	-10.537	-19.609	-2.1773	-2.0189	0.21119	-6.4714	0.032763	-1.8089	-8.9354	-11.683	-2.2965	-7.6773	-7.6295	0.88147	1.4447	-4.6179	0.032763	-1.8089	-3.6073	-6.5981	-2.4039	-11.765	-8.0895	1.315	0.3163	-6.4418
3006	3	-1.9955	-4.57	-13.06	-12.281	-0.73053	-2.9188	-2.0707	-3.3852	-3.2643	-4.9384	-1.9955	-4.57	-7.915	-3.7057	-4.0492	-11.352	-2.0134	-3.2406	-3.396	-5.2312	-1.9955	-4.57	-5.4205	-2.3908	-7.7259	-19.394	1.8749	-4.4218	-3.4252	-5.2813
3018	3	-1.4344	-0.97783	-8.3566	-12.148	-0.30739	-1.7808	-12.446	-3.4724	-3.4617	-6.4587	-1.4344	-0.97783	-1.7249	-1.9544	-5.8732	-12.682	-7.7928	-3.4201	-3.6821	-6.8197	-1.4344	-0.97783	-3.6851	-5.8228	-2.1244	-12.493	-12.83	-3.3972	-3.6821	-6.8197
3045	3	0.61109	-2.9449	-1.5747	-3.0045	-4.48	-21.799	1.5281	-3.3072	-0.70893	-5.2302	0.61109	-2.9449	-4.4983	-7.4529	0.95134	-13.404	-3.0261	2.0105	-0.60057	-4.5331	0.61109	-2.9449	-8.7724	-11.061	-0.42301	-9.1663	-3.0081	1.8598	-0.36527	-2.3398
3064	3	-0.95496	-2.1412	-9.6668	-12.965	-8.2763	-9.8828	-3.9842	-2.6775	-4.072	-2.6157	-0.95496	-2.1412	-15.747	-17.122	-5.7033	-1.5885	-7.3675	-1.003	-4.072	-2.6157	-0.95496	-2.1412	-4.1315	-6.2314	-13.455	-14.69	-3.9138	-6.0295	-4.0737	-4.4637
3072	3	-4.532	-4.1063	-3.9011	-5.2857	-7.0777	-27.531	4.3492	-10.553	0.21932	-4.0966	-4.532	-4.1063	2.2808	-5.2842	-11.274	-32.157	4.5667	-10.767	0.21932	-4.0966	-4.532	-4.1063	-4.1334	-11.512	-1.3854	-13.509	1.3961	-4.9976	0.21933	-4.0964
3091	3	-0.29715	-3.7305	-8.0749	-7.341	-1.3218	-9.8706	-7.2119	-3.1994	-2.6309	0.92857	-0.29715	-3.7305	-13.757	-13.009	-1.3236	-3.4555	-7.2073	-3.2117	-2.6265	1.0332	-0.29715	-3.7305	-3.2553	-1.3316	-9.354	-26.076	-1.4963	-7.4352	-3.2883	-2.5226
3110	3	-1.2145	2.2486	-9.8196	-13.322	-1.5473	-2.8421	-7.7994	-0.93447	-2.733	-3.6964	-1.2145	2.2486	-1.1346	-3.9352	-11.434	-18.202	-1.4938	-4.9457	-4.6645	-7.7221	-1.2145	2.2486	-6.7759	-2.5767	-6.7994	-9.2369	-3.0214	-0.52723	-3.4583	-4.2519
3165	3	-1.0327	-5.7011	-7.2218	-4.6974	-7.9953	-15.031	-0.89885	-11.145	-0.72991	-4.0161	-1.0327	-5.7011	-13.516	-11.801	0.86777	-9.7118	-5.1228	-7.848	-0.25867	-2.4055	-1.0327	-5.7011	-13.225	-4.8988	-4.3191	-11.61	-0.45162	-9.1243	-0.54169	-3.491
3204	3	0.65423	-2.5073	-4.2126	-4.6018	-9.4125	-19.966	0.78605	-10.942	-2.1073	-1.9868	0.65423	-2.5073	-11.307	-11.146	0.82809	-10.922	-2.7444	-4.6398	-2.1073	-1.3965	0.65423	-2.5073	-8.1768	-10.475	-0.11975	-15.823	-2.7444	-4.6398	-2.1073	-1.9868
3210	3	-2.2024	-4.3197	-6.2156	-3.24	-9.5422	-12.523	-2.3208	-7.0281	-3.7484	-5.0117	-2.2024	-4.3197	-13.246	-12.281	-1.0465	-1.3762	-4.9436	-1.7056	-2.7794	-4.2083	-2.2024	-4.3197	-6.2378	-7.9933	-7.1392	-5.6157	-1.9814	-2.0515	-2.822	-4.2655
3214	3	-4.1101	-3.4808	-3.8815	-2.9055	-12.5	-13.555	-2.0598	-6.8193	-3.0063	-3.109	-4.1101	-3.4808	-9.3261	-7.8512	-7.4836	-0.57597	-2.1653	-1.2919	-2.8279	-1.7528	-4.1101	-3.4808	-15.419	-10.481	-3.0143	1.9836	-7.0613	-0.70187	-2.8279	-1.7528
3270	3	-0.7634	-3.1318	-3.2504	-0.078765	-9.5342	-20.398	-3.1056	-5.5254	0.58077	-4.6454	-0.7634	-3.1318	-9.2652	-8.8848	-1.4291	-12.019	-7.7096	-2.4252	1.116	-3.3012	-0.7634	-3.1318	-9.1583	-2.7561	-4.828	-14.033	-4.0711	-1.2105	0.7271	-4.5256
3351	3	0.75888	-2.4594	-3.3152	-3.6452	-11.318	-14.684	-3.6342	-0.52926	-4.9804	-3.9174	0.75888	-2.4594	-13.288	-15.147	-4.9962	-2.8059	-8.9416	3.0677	-4.5407	-1.5457	0.75888	-2.4594	-7.7728	-3.8072	-10.621	-9.9814	-3.3234	-0.15952	-4.5679	-1.823
3356	3	-4.1084	-6.0516	-8.8333	-13.949	-4.2575	-2.6039	-3.7119	1.4967	-1.761	-3.6326	-4.1084	-6.0516	2.4381	-3.1489	-13.457	-16.909	2.3501	-1.7501	-1.9502	-8.1336	-4.1084	-6.0516	0.97304	-9.153	-10.311	-7.099	-3.7045	-0.030237	-1.761	-3.8896
3358	3	-0.29332	-5.058	-3.5679	-4.3746	-8.1066	-16.803	-3.726	-6.6911	-6.6454	-1.8615	-0.29332	-5.058	-7.9836	-8.083	-0.46069	-9.5117	-2.857	-1.5472	-4.3614	-0.55413	-0.29332	-5.058	-14.35	-12.244	-0.66264	-5.1744	-2.515	-1.6709	-4.0174	0.19971
3385	3	-2.8048	-2.7221	-15.415	-11.68	-3.4622	-2.7739	-7.5541	-3.4393	-5.353	-6.8827	-2.8048	-2.7221	-12.625	-1.9817	-7.2772	-11.457	-3.0407	-4.4251	-6.1469	-9.0493	-2.8048	-2.7221	-5.6331	-1.6808	-10.569	-17.141	-2.1184	-7.284	-6.1469	-9.0513
3427	3	-1.8223	-3.1417	0.53561	-12.054	-6.793	-12.305	-3.9672	-2.5771	-3.9108	-4.0224	-1.8223	-3.1417	-8.2199	-12.29	-1.2458	-7.1046	-4.3601	-2.7272	-3.2882	-3.8092	-1.8223	-3.1417	0.7626	-5.6893	-13.009	-21.933	-1.5693	-7.5233	-3.9108	-4.0224
3431	3	0.72397	-1.4212	-9.9669	-6.1025	1.3724	-6.235	-5.5253	-2.4017	-1.0353	-2.4921	0.72397	-1.4212	-6.6082	-1.0922	-2.2666	-9.3564	-4.4816	-1.7849	-1.3252	-2.9025	0.72397	-1.4212	1.1757	1.0985	-8.4482	-13.898	-5.3876	-6.1003	-4.0215	-6.1421
3501	3	-3.32	-8.5489	-8.4041	-14.33	1.9803	-5.6518	-8.7863	-5.988	-2.5998	0.81668	-3.32	-8.5489	-0.025502	-3.9049	-7.2924	-12.708	-5.2465	-11.371	-3.4952	-1.7066	-3.32	-8.5489	0.29796	-11.53	-2.34	-10.267	-4.3154	-5.9017	-2.7662	-1.0014
3517	3	-1.6304	-4.2133	-0.37441	-1.1686	-8.5231	-16.984	-1.6721	-3.951	-3.4549	-2.819	-1.6304	-4.2133	-11.638	-10.864	-3.969	-7.3549	-3.4477	0.98084	-3.424	-0.21173	-1.6304	-4.2133	-5.0239	-6.5893	-3.656	-15.227	-3.6657	1.0146	-3.4549	-2.8189
3519	3	-3.4202	-4.7138	-13.016	-8.9888	-0.056573	-5.8268	-10.968	-6.4906	-4.4669	-3.5933	-3.4202	-4.7138	-4.3107	1.3614	-9.4055	-10.878	-6.6247	-7.3167	-5.2656	-4.2507	-3.4202	-4.7138	-9.1016	-3.7631	0.38384	-8.9683	-11.464	-5.7729	-4.9168	-3.8459
3537	3	-2.1883	-3.4831	-9.4612	-12.792	-0.34588	-2.024	-4.5583	-3.1864	-0.053823	-5.0609	-2.1883	-3.4831	-1.2027	-2.3782	-11.963	-15.928	0.22119	-4.2475	-3.0174	-8.8755	-2.1883	-3.4831	-1.7186	-8.7599	-5.8697	-13.474	0.14836	-0.52648	-3.0174	-8.8755
3560	3	-2.0787	-2.6795	-8.644	-7.531	-2.2967	-12.179	-3.5581	2.0115	-1.9401	-4.9717	-2.0787	-2.6795	-1.5457	-2.0543	-8.4827	-26.599	0.56138	-3.3098	-2.4451	-7.2325	-2.0787	-2.6795	-10.241	-11.935	-3.0662	-9.4907	-3.5533	2.0048	-1.9341	-3.0454
3569	3	1.3786	-4.2494	-12.237	-13.098	-4.2859	-1.7376	-7.6425	-1.8347	-1.766	-3.7819	1.3786	-4.2494	-5.7549	-5.6276	-5.3414	-11.677	-7.2363	-0.91005	-2.1974	-9.305	1.3786	-4.2494	-12.076	-7.109	-7.7596	-7.3238	-5.4695	-3.3423	-1.766	-3.7859
3627	3	-0.77564	0.55907	-8.4024	-7.7046	-1.45	-1.1818	-6.8475	-2.268	-3.1008	-2.3627	-0.77564	0.55907	0.47731	-0.62255	-9.5519	-12.806	-1.3237	-4.3841	-5.0179	-6.5188	-0.77564	0.55907	0.11343	-5.4731	-6.5146	-9.6662	-1.6531	-2.3133	-5.0156	-6.5149
3641	3	-1.838	-2.1959	-10.358	-9.7695	1.4376	-2.3472	-5.1332	-2.6973	-1.5531	-0.36782	-1.838	-2.1959	-7.8454	-3.035	-5.9959	-14.301	0.56204	-3.7319	-2.2743	-1.9235	-1.838	-2.1959	-7.4026	-8.2917	-0.76423	-7.1343	-4.7328	-2.7219	-1.6062	-0.90507
3672	3	-1.9781	-2.8103	-8.1681	-10.14	-3.504	-1.7627	-3.651	4.0892	-3.1196	-0.19138	-1.9781	-2.8103	-4.9147	-7.986	-5.2728	-5.3103	-3.4468	4.137	-3.1913	-0.6801	-1.9781	-2.8103	-3.3453	2.5791	-9.338	-12.611	2.1225	4	-3.7734	-2.821
3701	3	-2.8872	-3.4296	-13.195	-13.372	1.7239	0.68496	-1.8254	2.0058	-3.0076	-2.5223	-2.8872	-3.4296	-1.1892	-1.5925	-8.8357	-11.953	4.4731	-4.2366	-3.043	-2.6071	-2.8872	-3.4296	-9.5145	-8.0585	-4.629	-2.1682	4.4383	-1.1378	-3.0076	-2.5223
3712	3	-2.0994	-0.21987	-7.2709	-9.5764	-2.7712	-9.0528	-11.684	0.81914	-2.666	-0.65854	-2.0994	-0.21987	-11.331	-14.582	-2.6541	-4.7535	-11.834	0.83667	-2.666	-0.65854	-2.0994	-0.21987	-1.5752	-4.5101	-10.144	-15.032	-6.4088	-0.69712	-2.6966	-1.2136
3736	3	-1.4787	-4.1442	-8.5341	-5.0439	-7.9821	-12.821	-5.4992	-4.289	-6.9198	-5.8621	-1.4787	-4.1442	-15.036	-7.7763	-3.44	-1.4794	-10.301	0.3895	-6.5172	-5.5658	-1.4787	-4.1442	-18.493	-11.122	1.3065	0.4951	-10.34	1.2765	-6.5169	-5.5657
3751	3	-0.047531	-5.8834	-16.265	-10.5	-3.3874	-4.3645	-2.097	-3.2772	-5.2408	4.4571	-0.047531	-5.8834	-3.9924	-2.842	-9.4625	-20.024	2.9239	-9.4461	-5.2455	3.0327	-0.047531	-5.8834	-10.196	-4.4844	-3.5838	-10.186	-1.8797	-3.3079	-5.2409	3.9349
3754	3	-0.31235	-3.0891	-16.613	-10.686	-1.7584	-6.3772	-4.1479	-3.9665	-3.1034	-3.7502	-0.31235	-3.0891	-5.3792	0.032415	-6.5044	-14.635	-1.1406	-3.8693	-3.4268	-5.073	-0.31235	-3.0891	-12.337	-6.5571	-1.3164	-8.5104	-4.1589	-3.9489	-3.1498	-4.0993
3851	3	-2.0794	2.5317	-5.8404	0.84924	-8.4863	-17.233	-2.599	-2.6056	-2.9601	-3.4356	-2.0794	2.5317	-9.7412	0.47678	-5.9346	-10.139	-3.4908	-0.5855	-2.8829	-3.0529	-2.0794	2.5317	-13.938	-11.525	0.052767	0.58466	-7.4455	0.45033	-2.797	-2.536
3867	3	-0.88047	-3.866	-11.938	-11.078	-1.5185	-0.82845	-3.6434	-1.1192	-1.1262	-0.41891	-0.88047	-3.866	-5.8511	-6.2536	-6.7623	-9.0665	-0.024241	-5.7311	-1.1263	-0.43299	-0.88047	-3.866	0.34172	-6.9457	-10.69	-13.659	-0.7028	-5.1879	-3.0057	-3.2672
3900	3	-0.86176	0.35719	-6.9767	-15.331	-3.0835	-6.0385	-9.6197	-1.7511	-4.2828	-1.4231	-0.86176	0.35719	-5.2019	-4.7719	-9.2808	-12.849	-3.6683	-6.9444	-4.5259	-3.4005	-0.86176	0.35719	-12.487	-15.353	-3.2754	-0.47531	-9.6185	-1.7611	-4.2817	-0.4342
3917	3	-5.9829	1.0068	-19.156	-12.714	-4.6284	-4.3498	-9.5882	0.5716	-3.9108	-2.5874	-5.9829	1.0068	-7.3733	-1.1354	-12.904	-12.518	-3.8315	-4.9961	-3.9353	-3.5986	-5.9829	1.0068	-9.6227	-2.312	-10.122	-11.123	-4.2919	-4.9916	-3.9122	-2.805
3993	3	-3.5249	-4.3841	-5.8554	-12.076	-1.5603	-8.8972	-3.0547	-5.582	-3.4633	-0.42432	-3.5249	-4.3841	-0.21434	-2.0918	-8.3145	-23.524	1.5326	-7.7713	-3.7343	-2.0728	-3.5249	-4.3841	-5.4053	-8.3313	-1.6862	-13.354	-3.0504	-5.5739	-3.4666	-0.94594
4075	3	-5.6733	-4.8861	-4.3673	-3.8847	-6.787	-19.536	-4.3434	-8.4825	-6.3288	-9.0068	-5.6733	-4.8861	-10.963	-7.2343	0.95078	-3.6598	-3.7645	-3.3701	-2.945	-4.8853	-5.6733	-4.8861	-4.944	-6.5428	-1.6742	-7.853	-5.5921	-2.6284	-4.3347	-5.5167
4117	3	-2.7277	-3.3891	-5.5658	-2.4513	-3.8852	-12.458	-1.247	-2.4353	-5.4643	-5.8033	-2.7277	-3.3891	-15.55	-10.09	3.1053	-0.61967	-5.5202	0.18103	-4.7276	-4.2781	-2.7277	-3.3891	-8.8692	-5.0646	-1.3236	-7.3911	-5.5077	-1.3237	-4.7276	-4.2781
4222	3	-1.2052	2.2922	-3.6862	-5.6651	-8.6103	-16.518	-1.9456	-10.287	-2.2968	-9.2471	-1.2052	2.2922	-1.6847	-10.038	-2.6006	-7.558	-1.4753	-3.7087	-0.947	-4.7046	-1.2052	2.2922	-9.299	-16.091	3.1228	1.2847	-4.8307	-3.6818	-0.89247	-4.4297
4275	3	-2.8809	-4.4883	-2.0244	0.19159	-4.8006	-25.225	1.6436	-3.6062	-2.6971	-3.2803	-2.8809	-4.4883	-7.1367	-2.2903	-0.75634	-10.052	-3.9707	-1.2226	-2.6874	-3.2538	-2.8809	-4.4883	-11.597	-8.3815	2.009	-4.6723	-3.8647	-1.1099	-2.3666	-2.3039
4332	3	1.0726	-6.3939	-10.009	-14.446	4.9936	-1.5915	-8.0935	-4.9023	-2.4647	-2.4583	1.0726	-6.3939	2.4109	-1.8266	-5.5698	-20.239	-1.6719	-10.715	-2.4775	-3.4368	1.0726	-6.3939	-4.1323	-8.3739	-1.1218	-3.1691	-7.0977	-4.9048	-2.4647	-2.4583
4347	3	-1.6147	-4.4089	-4.3381	-2.927	-13.978	-18.954	-2.8726	-8.2592	-3.3058	-5.9807	-1.6147	-4.4089	-15.19	-13.925	-4.0978	-1.4305	-9.1924	-6.9773	-1.4579	-3.3816	-1.6147	-4.4089	-9.2198	-7.8228	-8.6591	-10.055	-3.2507	-8.4028	-1.5582	-3.6531
4390	3	-2.5254	-2.6811	-18.463	-11.014	-4.0343	-4.6457	-3.5001	-4.932	-1.8363	-0.92959	-2.5254	-2.6811	-8.5749	-4.8354	-9.4283	-17.125	0.12167	-9.4063	-3.1901	-3.5274	-2.5254	-2.6811	-11.394	-4.7982	-5.7898	-15.607	0.43564	-9.6874	-2.6282	-3.0946
4403	3	-3.7937	-2.6429	-8.4912	-11.738	-7.9582	-2.518	-3.1917	-2.9721	-4.7386	-2.7185	-3.7937	-2.6429	-2.5645	-1.6062	-17.345	-14.575	-4.2565	-3.3305	-5.9361	-5.3788	-3.7937	-2.6429	-2.2086	-5.3042	-14.198	-10.298	-3.0281	-3.9422	-5.0956	-3.8089
4479	3	-0.51198	-3.3289	-11.466	-16.697	-3.3678	-4.9621	-6.3139	-6.2111	-0.10735	-3.6814	-0.51198	-3.3289	-3.1072	-5.5139	-13.178	-17.927	-2.268	-7.9387	-1.6309	-7.0061	-0.51198	-3.3289	-6.2732	-14.147	-2.8643	-8.1299	-6.8417	-5.6449	-0.27525	-5.4446
4511	3	0.50528	-4.2152	-8.3714	-10.469	1.9351	0.11574	-8.2177	-4.55	-3.0191	-0.13566	0.50528	-4.2152	2.37	0.27973	-8.7836	-15.338	-3.3008	-7.7735	-3.9498	-1.9153	0.50528	-4.2152	0.20837	-10.445	-4.3355	-6.4248	-2.8593	-4.2622	-3.1281	-0.41371
4520	3	-2.4195	-5.5549	-13.463	-4.7203	-8.4896	-4.1462	-3.0284	-2.6868	-8.4968	-2.8386	-2.4195	-5.5549	-19.557	-11.081	-3.3279	-0.12231	-8.994	-1.2767	-8.4968	-2.8386	-2.4195	-5.5549	-7.2029	1.8537	-13.914	-12.425	-3.0193	-6.4623	-8.527	-3.129
4565	3	-2.2963	-9.7679	-11.305	-6.9395	-0.66616	-4.5181	-11.519	-0.098747	-2.5859	-2.478	-2.2963	-9.7679	-2.0676	1.853	-12.513	-16.434	-8.1504	-2.7797	-4.1075	-4.4296	-2.2963	-9.7679	-6.7862	2.6145	-7.3793	-11.226	-7.7143	-0.92448	-3.1459	-3.3285
4623	3	-0.77841	-2.7437	-0.36021	-0.64479	-11.409	-16.473	-2.2466	-4.8533	-6.2646	-6.6608	-0.77841	-2.7437	-8.473	-12.134	-3.3394	-3.8187	-3.7096	-1.7851	-3.7613	-3.957	-0.77841	-2.7437	-0.83548	-9.8765	-7.3986	-9.155	-1.9153	-2.2981	-5.0539	-4.5247
4662	3	0.11173	-6.0992	-10.467	-17.272	-5.6785	0.056314	-2.2565	1.0785	-4.0276	-2.1841	0.11173	-6.0992	-2.8629	-10.764	-11.613	-6.2934	-0.11622	-1.9495	-4.0276	-2.1841	0.11173	-6.0992	-3.0577	-16.474	-7.5746	-6.0793	-1.0609	-0.52404	-4.0276	-2.1841
4671	3	-1.7022	-5.9683	-0.057821	2.9271	-13.241	-15.312	-5.9868	-0.067215	-4.6944	-3.9763	-1.7022	-5.9683	-11.004	-7.8537	-2.1022	-2.1159	-8.3974	4.7424	-4.2834	-1.7142	-1.7022	-5.9683	-0.97422	-1.8502	-13.2	-11.579	-5.8666	-0.048774	-4.362	-2.1526
4673	3	-0.42956	-5.8744	-17.036	-9.8781	-1.9599	-6.8207	-16.651	-4.4096	-7.039	-3.6693	-0.42956	-5.8744	-7.1753	1.5901	-9.9093	-17.73	-10.39	-8.1014	-7.0602	-5.1715	-0.42956	-5.8744	-13.021	-3.7431	-6.1898	-6.8771	-10.374	-4.4103	-7.039	-3.6693
4677	3	-1.5883	-6.9275	-0.17573	1.8947	-12.617	-7.0707	-1.4061	-3.943	-2.9439	-0.046577	-1.5883	-6.9275	-10.272	-6.6525	-0.96642	2.1603	-3.7067	-0.056743	-2.9387	0.49312	-1.5883	-6.9275	-6.5276	-0.64213	-6.3506	-1.7029	-1.8252	-0.67339	-2.9387	0.49312
4684	3	-1.3873	-3.898	-13.19	-13.217	-0.078796	0.38878	-8.0259	0.76582	-4.7207	-5.1114	-1.3873	-3.898	-4.24	-4.3274	-10.33	-12.553	-5.2953	-5.2238	-5.0927	-6.827	-1.3873	-3.898	-10.072	-8.8553	-6.4254	-0.59641	-5.8671	-2.1533	-4.7207	-5.1114
4776	3	-2.3196	-2.7937	-3.6958	-1.5248	-7.515	-8.7482	-1.9399	-1.6511	-3.7572	-6.1525	-2.3196	-2.7937	-10.483	-8.8917	-0.99725	-3.7296	-8.2335	0.19777	-3.7487	-2.7212	-2.3196	-2.7937	-11.987	-13.246	-1.5253	-1.199	-8.2333	0.16166	-3.7362	-2.4831
4803	3	-1.831	-3.6049	-9.3393	-10.528	1.0649	-7.323	-5.7811	-2.0644	-3.8499	-0.59425	-1.831	-3.6049	-4.9841	-5.1537	-8.4512	-17.446	-1.5986	-6.3329	-4.9674	-2.5212	-1.831	-3.6049	-14.666	-16.383	1.0677	-2.1035	-5.604	-2.115	-3.613	-0.091571
4824	3	1.3848	-3.7975	-1.109	-11.237	-6.4754	-12.007	-1.0097	0.21521	-3.3853	-6.1267	1.3848	-3.7975	-11.151	-17.807	-3.2995	-2.4245	-3.1532	0.39199	-3.3432	-4.0595	1.3848	-3.7975	-1.775	-5.5541	-8.2576	-15.515	-1.1612	-0.77381	-4.5157	-7.948
4883	3	-3.8439	-7.3572	-12.205	-10.449	-3.5978	-4.024	-8.639	-2.5402	-4.6904	-2.1226	-3.8439	-7.3572	-5.6493	-0.97584	-9.2385	-15.087	-8.1278	-7.3551	-7.8881	-4.2769	-3.8439	-7.3572	-7.8182	-6.0383	-2.5686	-9.5135	-10.049	-1.6917	-6.706	-3.714
4898	3	-1.7119	-4.5094	-4.1173	-2.9633	-9.9052	-19.764	1.7044	-10.823	-3.3295	-5.8896	-1.7119	-4.5094	-15.066	-12.102	-0.41765	-1.9929	-4.2569	-5.3032	-3.124	-1.324	-1.7119	-4.5094	-8.7944	-8.2361	-1.8428	-8.5751	-4.2538	-5.3032	-3.124	-1.4619
4996	3	1.0782	-6.3105	-11.995	-13.98	-2.5865	-1.0665	-8.5914	-1.1283	-3.0194	-1.8735	1.0782	-6.3105	-7.7674	-10.947	-8.5997	-3.395	-3.3947	-2.6841	-3.0194	-1.8735	1.0782	-6.3105	-1.9822	-5.713	-12.916	-12.158	-3.6431	-3.9286	-3.6222	-3.1634
5010	3	-0.70146	-2.3656	-4.0494	-3.5926	-10.98	-18.56	1.0878	-4.996	-0.8252	-4.5438	-0.70146	-2.3656	-11.988	-11.283	-3.2714	-0.55208	-5.3345	-1.6097	-0.54563	-1.6654	-0.70146	-2.3656	-4.7668	-9.3803	-6.8648	-10.423	0.02319	-1.9711	-0.81595	-2.5554
5099	3	-2.2355	-3.8524	-6.8556	-10.781	-2.7295	-8.4411	-5.1506	-2.5059	-0.12988	-6.4045	-2.2355	-3.8524	-9.0437	-12.448	0.078539	-6.5927	-5.1833	-2.4427	-0.12807	-6.2174	-2.2355	-3.8524	0.46419	-2.9999	-7.1811	-21.286	-1.6925	-4.3418	-0.15474	-7.8704
5128	3	0.014315	0.67429	-4.8375	-5.5041	-12.274	-15.709	-8.0984	-6.1004	0.27258	-6.1789	0.014315	0.67429	-14.479	-13.309	-6.2592	-5.2311	-5.18	-1.4784	1.2457	-2.9426	0.014315	0.67429	-9.1073	-8.3401	-10.033	-10.345	-6.4377	-4.3473	0.86113	-5.0965
5154	3	2.8345	-2.7605	-5.6565	-0.26837	-7.389	-6.0011	-0.97701	-1.3573	-3.0064	-0.3089	2.8345	-2.7605	-2.5144	1.4226	-10.494	-13.919	1.0825	-3.0455	-4.374	-3.7938	2.8345	-2.7605	-6.69	-6.2761	-0.77842	1.4396	-3.7664	0.032488	-3.0064	-0.3089
5175	3	0.25256	-2.6938	-4.9712	-9.6733	3.3246	-7.4289	-6.4692	1.0832	-2.1463	-3.9076	0.25256	-2.6938	-3.8678	-1.6849	-3.5071	-15.702	-6.9223	-3.4685	-6.3774	-8.1956	0.25256	-2.6938	-1.6554	-7.4964	-0.49466	-7.7023	-3.7084	1.0028	-2.1467	-3.908
5310	3	-0.034693	0.69138	-7.1236	-3.1223	-6.5756	-10.652	-3.2058	-2.8892	-2.017	-4.093	-0.034693	0.69138	-0.054393	-2.4809	-8.585	-22.994	-0.41479	-6.9219	-2.1868	-4.8551	-0.034693	0.69138	-9.5009	-15.049	-1.9728	-3.8839	-3.3941	-1.9419	-2.017	-4.0924
5335	3	0.028267	-1.6102	-6.4612	-7.1791	-13.703	-14.334	-6.4022	-7.3919	-5.2618	-5.1035	0.028267	-1.6102	-14.717	-9.4808	-4.1415	-10.251	-9.1235	-5.0228	-1.3741	-2.3804	0.028267	-1.6102	-10.997	-5.9966	-9.3535	-10.622	-4.4743	-7.6369	-3.457	-3.7448
5338	3	-2.0822	-4.1281	-3.6219	-6.1805	-10.745	-7.7561	-3.6934	-4.6697	-4.6	-6.2698	-2.0822	-4.1281	-15.457	-13.853	-2.0402	-4.1254	-9.0559	-1.9048	-4.0971	-3.3613	-2.0822	-4.1281	-9.1837	-7.462	-7.7273	-4.1402	-3.4928	-4.4942	-4.0971	-3.3615
5344	3	0.017878	-5.9739	-9.9388	-17.995	-0.96553	-7.3294	-9.8886	-0.078573	-4.1019	-7.3829	0.017878	-5.9739	-4.1198	-7.0558	-9.6037	-13.239	-8.016	-4.2343	-4.849	-9.6204	0.017878	-5.9739	-4.8878	-10.213	-7.2158	-10.756	-8.1169	-0.36679	-4.7522	-7.9341
5398	3	-0.46123	-1.2067	-3.7976	-6.2242	-5.3065	-16.449	-0.9233	-7.6419	-2.6397	-2.6973	-0.46123	-1.2067	-11.216	-15.113	0.11103	-1.8383	-3.9904	-2.0737	-2.4369	-1.1704	-0.46123	-1.2067	-3.8627	-8.8235	-4.0207	-16.219	-1.3246	-5.0987	-2.6397	-2.6973
5405	3	-1.7273	2.4725	-17.376	-11.301	-4.8335	-1.6522	-1.5684	-1.0555	-2.3083	-3.3986	-1.7273	2.4725	-8.7285	-5.3257	-10.264	-5.767	0.077885	-5.4699	-2.3141	-3.4196	-1.7273	2.4725	-5.3014	-3.0744	-10.795	-12.448	0.081141	-5.8821	-2.5111	-4.0019
5465	3	-0.94925	-1.3218	-7.7024	-10.502	-6.4012	-2.1769	3.0758	-4.4611	-0.13923	-3.8802	-0.94925	-1.3218	-14.325	-16.46	-0.38956	0.50985	1.0592	1.9943	-0.13921	-3.8801	-0.94925	-1.3218	-1.4161	-7.9156	-6.6688	-7.6709	2.9178	-4.3871	-0.37106	-5.1399
5479	3	-1.4664	-0.63003	-6.4739	-5.9303	-5.6011	-11.293	-2.6893	-1.01	-6.5335	-5.4449	-1.4664	-0.63003	-10.507	-11.458	1.4888	-7.7572	-4.1069	-1.8066	-3.1435	-3.23	-1.4664	-0.63003	-12.648	-16.825	1.3485	-3.1755	-4.1067	-1.8132	-3.1403	-2.768
5562	3	-0.3507	-2.4651	-17.537	-14.61	2.1839	-3.4731	-4.0567	-3.9986	-4.3696	-5.926	-0.3507	-2.4651	-5.0071	-3.1271	-7.3988	-13.663	-1.0918	-8.0974	-4.5174	-7.3923	-0.3507	-2.4651	-9.9229	-4.6455	-2.8744	-10.157	-1.4762	-5.9038	-4.4277	-6.1395
5601	3	1.7442	-0.19426	-4.0343	-18.716	-2.1312	-10.682	-8.6415	-1.1534	-4.829	-5.1983	1.7442	-0.19426	-7.7029	-17.426	3.5001	-10.366	-7.8826	-1.1533	-4.4978	-5.0293	1.7442	-0.19426	-10.518	-16.781	1.0887	-7.0165	-6.1972	-1.4029	-3.2551	-2.028
5682	3	-1.7008	-3.9258	-13.672	-15.358	-3.1612	-3.5879	-5.7757	-5.2815	-2.4299	-2.0321	-1.7008	-3.9258	-2.8869	-5.497	-12.148	-14.107	0.54997	-9.4566	-2.4314	-3.3209	-1.7008	-3.9258	-13.667	-5.7699	-7.2002	-9.6142	0.523	-7.0494	-2.4299	-2.2021
5693	3	-1.3138	-2.7081	-8.4636	-2.1272	-7.9436	-12.814	-0.011548	-4.1744	-4.7481	-3.3318	-1.3138	-2.7081	-10.542	-2.2584	-6.2521	-12.206	-0.044899	-4.2228	-4.7055	-3.2656	-1.3138	-2.7081	-18.359	-10.668	-3.0938	-4.0516	-3.6459	-5.0983	-4.0183	-2.142
5717	3	-2.1517	-2.8869	-14.902	-11.298	-2.7916	-1.1352	-8.2357	-2.3815	-3.3436	-5.0339	-2.1517	-2.8869	-7.1181	-7.5592	-9.3192	-9.7619	-4.6662	-6.7212	-3.4319	-5.1203	-2.1517	-2.8869	-6.4577	-3.5865	-13.979	-11.927	-4.7043	-6.0198	-5.0391	-6.451
5738	3	-4.1204	-2.5143	-10.083	-15.888	-0.089751	0.96341	-6.6443	-3.4007	-0.56286	-3.623	-4.1204	-2.5143	-1.5499	-11.744	-6.5332	-9.5876	-0.88125	-6.4909	-0.56286	-3.623	-4.1204	-2.5143	-0.29196	-5.4884	-7.2263	-15.933	-0.88223	-7.2565	-0.65203	-5.3261
5933	3	-3.2826	0.46964	-5.5427	-11.875	-1.3728	-11.343	-12.433	-3.4569	-5.0952	-4.9678	-3.2826	0.46964	-1.115	-9.0557	-6.9032	-14.982	-6.5756	-6.0688	-5.0952	-4.9679	-3.2826	0.46964	-10.03	-18.363	1.0426	-7.6592	-12.967	-3.4926	-5.0293	-3.7046
5971	3	-2.9466	-2.4096	-11.445	-14.479	1.9949	0.067276	-7.386	-4.0879	-5.2924	-5.0225	-2.9466	-2.4096	-0.2953	-3.6871	-9.2191	-17.045	-3.269	-9.4998	-6.3447	-5.7683	-2.9466	-2.4096	-1.3394	-7.7233	-4.5763	-9.5774	-3.9257	-6.5173	-5.7827	-5.536
6034	3	-3.2799	-4.2312	-14.911	-5.0284	-3.96	-8.9786	-3.1911	-5.4546	-4.8137	-2.9909	-3.2799	-4.2312	-7.3194	4.3231	-13.165	-23.769	-1.0258	-8.2822	-5.4974	-4.1421	-3.2799	-4.2312	-11.614	-1.7999	-3.4779	-14.104	-3.8908	-4.1716	-5.2743	-3.8494
6084	3	-0.64294	-3.181	-18.495	-12.539	-3.7802	-2.2343	-5.9417	-3.2962	-5.0482	-3.3178	-0.64294	-3.181	-8.2798	-3.5185	-12.355	-15.06	-4.9767	-6.7143	-6.0662	-7.6082	-0.64294	-3.181	-13.399	-5.6768	-7.8099	-8.8968	-3.4014	-5.0685	-5.1133	-3.7328
6118	3	-1.0723	-2.4782	-9.5698	-12.535	-7.9466	-5.1668	-3.491	-4.4564	-2.7557	1.3154	-1.0723	-2.4782	-5.4239	-5.2836	-13.403	-13.595	-3.6249	-6.4858	-2.9505	-1.9202	-1.0723	-2.4782	-5.4385	-8.8406	-10.222	-7.0797	-3.5203	-4.8543	-2.8086	-0.11207
6157	3	2.2006	-3.7578	-1.5212	-1.6549	-12.012	-21.565	-0.093437	-8.6559	-3.2219	-2.7756	2.2006	-3.7578	-1.5263	-9.2547	-5.698	-10.448	-5.1029	-7.7358	-3.2219	-2.7754	2.2006	-3.7578	-14.283	-13.962	-0.47052	0.96655	-5.2201	-2.5634	-3.2209	-1.9936
6206	3	-0.70393	-1.724	-11.971	-8.306	-2.1464	-4.9096	-6.2627	-6.0861	-5.0089	-4.9872	-0.70393	-1.724	-3.2844	-2.5714	-12.687	-25.309	-0.34818	-11.87	-5.3811	-7.706	-0.70393	-1.724	-3.2854	-6.7816	-8.5227	-18.712	-1.8465	-11.841	-5.3811	-7.7059
6255	3	0.33888	-4.4911	-15.657	-14.443	-0.32928	0.83272	-7.3355	0.25702	-3.902	-1.8506	0.33888	-4.4911	-4.3833	-3.9503	-12.598	-18.963	-2.463	-4.7132	-4.6577	-6.8064	0.33888	-4.4911	-5.6406	-10.159	-6.562	-9.3389	-2.2277	-1.9301	-4.5943	-2.8889
6258	3	-2.7431	-2.5756	-9.8094	-12.437	-1.0508	-0.91805	-2.2805	0.39931	0.52846	-3.2294	-2.7431	-2.5756	-8.6014	-2.7795	-6.4722	-10.547	3.7952	-2.829	0.33188	-4.4979	-2.7431	-2.5756	-5.9093	-2.3993	-8.8872	-17.282	3.7742	-4.5088	0.20534	-5.4173
6278	3	-1.4917	-4.0097	-1.5057	-2.7042	-8.8204	-12.595	-6.8825	-6.4478	-5.5294	-6.333	-1.4917	-4.0097	-4.5712	-13.744	1.1338	-4.6392	-10.623	-0.63386	-4.4692	-5.5537	-1.4917	-4.0097	-2.5055	-9.4929	-3.9979	-6.32	-4.9626	-3.1019	-4.4881	-5.5696
6332	3	-2.3178	-3.1473	-1.7589	-0.78486	-7.1879	-19.99	-0.50785	-10.73	1.5993	-9.0881	-2.3178	-3.1473	-13.633	-8.5363	-3.9314	-6.5462	-0.62448	-5.8525	1.8623	-5.2244	-2.3178	-3.1473	-9.0804	-4.4916	-0.35998	-8.8856	-1.4966	-5.4636	1.6011	-8.3472
6334	3	-3.1902	-2.9643	-6.4388	-11.252	-4.744	-11.449	-6.9747	0.54159	-4.8886	-3.9966	-3.1902	-2.9643	-12.068	-17.324	-4.7408	-7.4829	-6.9781	0.55262	-4.8886	-3.3534	-3.1902	-2.9643	-6.8401	-11.745	-3.997	-11.385	-7.2582	1.7211	-4.8886	-3.8796
6357	3	-1.6221	-3.6028	-10.722	-4.35	-7.1211	-16.61	-3.365	-9.4242	-2.7348	-6.0757	-1.6221	-3.6028	-16.816	-10.057	-3.8434	-7.0048	-6.7801	-8.2433	-2.5668	-4.834	-1.6221	-3.6028	-8.816	-3.1087	-9.4663	-20.439	-3.1652	-9.4375	-2.7348	-6.0757
6450	3	-2.7165	-4.5724	-14.774	-17.636	1.8712	-0.42425	-3.6612	-1.3566	0.6255	-3.0091	-2.7165	-4.5724	-3.3201	-5.1267	-6.4318	-22.118	2.3531	-7.0114	-0.07593	-4.6606	-2.7165	-4.5724	-10.688	-5.2908	-3.4428	-7.0758	-1.7656	-4.417	0.61238	-3.0954
6451	3	-0.82619	-2.2302	-8.7979	-2.515	-9.2087	-8.8109	-3.1432	0.39953	-1.2199	-3.1681	-0.82619	-2.2302	-9.0105	-7.2498	-7.3139	-3.0563	-3.1455	0.39751	-1.2127	-2.7126	-0.82619	-2.2302	-3.3636	-0.90925	-13.099	-11.618	-3.2551	0.62018	-1.4746	-4.7799
6476	3	-1.9401	-2.215	-3.8431	-7.802	-4.5839	-15.164	-11.919	-0.17284	-1.4484	-6.2936	-1.9401	-2.215	-10.233	-11.814	-0.12757	-9.0691	-11.908	-0.019823	-1.4394	-2.8264	-1.9401	-2.215	1.2127	-1.7879	-10.773	-20.227	-6.516	-5.5084	-1.6974	-7.9509
6480	3	0.54812	-3.9042	-14.724	-13.501	1.1501	-1.2672	-5.8067	-4.9257	-3.9552	-2.0447	0.54812	-3.9042	-2.655	-0.91157	-8.9337	-12.841	-6.139	-5.8518	-5.2926	-5.4747	0.54812	-3.9042	-11.548	-7.2107	1.326	-5.6155	-6.2041	-4.6122	-4.0591	-2.4559
6506	3	-3.9183	-4.9136	-14.384	-12.544	-5.2183	5.3832	-5.6543	-3.2923	-2.4991	-6.5267	-3.9183	-4.9136	-2.3792	-1.7284	-14.718	-10.613	0.52904	-7.5759	-2.6328	-11.955	-3.9183	-4.9136	-8.1907	-11.914	-10.553	-1.4409	0.52895	-7.6091	-2.4992	-6.5445
6539	3	-1.2876	-0.23899	-5.5683	-8.1911	-6.0077	-16.585	1.273	-4.5176	-0.66801	-3.2827	-1.2876	-0.23899	-5.3529	-3.5488	-10.773	-21.299	1.3838	-7.9321	-0.66801	-3.2827	-1.2876	-0.23899	-13.291	-10.964	-1.4842	-8.4915	-4.5709	-3.4745	-0.39371	-2.1622
6677	3	1.6738	-3.5147	-12.044	-9.7549	0.10375	-5.9133	-2.4719	0.60756	-3.1608	-1.9951	1.6738	-3.5147	-9.1547	-6.1903	-3.3294	-10.064	-0.028269	0.83146	-3.5418	-2.4341	1.6738	-3.5147	-3.7325	-1.2445	-7.2853	-19.092	-1.2623	-4.5858	-5.067	-3.5783
6720	3	0.21164	1.4847	-8.7837	-1.6073	-10.664	-7.5577	-2.7356	-2.8398	-3.3964	-4.0402	0.21164	1.4847	-2.4392	-4.6261	-9.66	-10.987	-4.0206	-2.8294	-4.3129	-5.7008	0.21164	1.4847	-15.064	-11.67	-1.609	3.6075	-8.184	2.2352	-2.8345	-3.2856
6769	3	-3.2298	-5.0398	-2.272	-2.9165	-6.2551	-10.393	-5.1747	-1.5398	-6.9197	-9.2627	-3.2298	-5.0398	-5.992	-11.856	-1.6749	-3.1058	-6.2992	-3.1773	-2.5483	-4.6265	-3.2298	-5.0398	-2.0924	-8.2475	-1.4771	-7.2468	-6.9807	-1.0343	-4.1123	-6.4628
6868	3	-3.0733	-4.8707	-16.594	-10.901	-2.604	-6.5269	-3.5057	-5.725	-2.622	-2.8047	-3.0733	-4.8707	-9.9369	-1.7779	-7.2963	-10.967	1.1061	-2.8565	-4.0898	-4.7709	-3.0733	-4.8707	-4.1616	-1.0858	-11.633	-20.763	1.3709	-8.0539	-4.2725	-5.0115
6937	3	-1.8425	-2.8967	-3.9368	-6.8264	-8.3873	-12.457	-2.6346	-2.4943	-5.2089	-6.466	-1.8425	-2.8967	-9.2162	-15.1	-3.0684	-1.6609	-7.6207	-0.43078	-3.8529	-2.3838	-1.8425	-2.8967	-4.7035	-12.891	-4.4703	-11.844	-3.4993	-0.28002	-5.2089	-6.466
6998	3	0.99167	-1.5783	-2.9744	-3.3321	-9.7057	-15.564	0.43412	-3.1573	-4.5884	-6.2331	0.99167	-1.5783	-10.815	-12.795	-3.7371	-4.116	-4.5091	-1.6209	-2.1649	-1.5744	0.99167	-1.5783	-3.9107	-8.4636	-6.7457	-13.225	1.6027	-1.2949	-3.3632	-5.4847
7120	3	-1.9293	-5.9949	-9.073	-10.781	-6.0441	-3.4706	-5.9234	-6.7524	-3.0474	-2.8961	-1.9293	-5.9949	-6.3241	-10.359	-6.0493	-7.7685	-5.9566	-6.1818	-3.1827	-2.9461	-1.9293	-5.9949	-5.1244	-4.1436	-11.294	-17.083	-4.9656	-9.4593	-4.6983	-3.4498
7143	3	-2.9632	-2.3937	-11.925	-16.094	-1.1759	-5.5489	-5.5651	0.92349	-1.1981	-3.4618	-2.9632	-2.3937	-1.3594	-7.3463	-10.144	-16.678	-4.2	-5.3129	-4.6038	-6.5878	-2.9632	-2.3937	-0.44157	-11.095	-6.1443	-9.9973	-5.1859	-3.0749	-1.6834	-4.2556
7273	3	-2.5768	-4.6766	-3.5026	-2.6711	-7.2427	-8.0855	-9.4714	-5.4337	-6.6026	-5.8765	-2.5768	-4.6766	-10.698	-8.4736	0.79581	-4.1299	-3.9838	-4.9892	-2.1325	-3.1768	-2.5768	-4.6766	-6.2748	-4.0563	-1.0486	-7.0211	-4.0326	-4.1331	-2.9758	-4.3234
7282	3	-1.8314	-6.9218	-3.3639	-0.28418	-8.6841	-17.79	1.5067	-4.8021	-5.1066	-6.1672	-1.8314	-6.9218	-11.478	-10.667	-3.5868	-7.0651	-1.1326	-4.6592	-3.7679	-3.003	-1.8314	-6.9218	-6.8812	-0.98761	-6.0584	-12.753	0.54529	-4.4495	-4.8107	-4.6504
7297	3	-4.8579	0.052702	-18.235	-13.846	-0.43786	-5.3065	-11.264	2.5422	-4.9013	-0.092615	-4.8579	0.052702	-10.601	-2.3997	-7.5491	-11.432	-8.631	-3.2337	-5.8728	-2.5047	-4.8579	0.052702	-12.984	-2.403	-5.3158	-11.28	-8.6704	-1.4951	-5.8658	-2.4988
7316	3	-2.1397	-2.8425	-9.0143	-1.6075	-5.5992	-17.213	-0.041788	-5.7294	-1.7112	-10.307	-2.1397	-2.8425	-17.74	-11.064	-0.96496	-7.0187	-3.9131	-6.0122	-0.45767	-4.7593	-2.1397	-2.8425	-5.6651	-0.56462	-6.9332	-20.976	0.42496	-7.3619	-1.7112	-10.307
7345	3	-1.6935	-6.4099	-3.3459	-6.0341	-6.751	-3.2118	-4.9073	0.78081	-4.8309	-5.0096	-1.6935	-6.4099	-8.8788	-11.278	-1.953	-1.074	-4.9073	1.3042	-4.8309	-5.0096	-1.6935	-6.4099	-1.1252	-0.5931	-10.878	-11.626	-1.7511	-3.856	-6.0635	-8.0683
7349	3	-1.4338	-1.7613	-12.81	-12.159	-0.52045	-1.2805	-3.5856	1.0508	-2.6113	-1.5012	-1.4338	-1.7613	-6.3734	-6.1769	-6.8909	-5.5802	1.0696	-0.61301	-2.6119	-1.5076	-1.4338	-1.7613	-7.3354	-3.1832	-5.8918	-8.5713	0.57082	0.40734	-2.8568	-3.1565
7353	3	-2.3585	0.41808	-15.371	-6.6914	-3.72	0.20616	-8.2442	-1.3195	-3.8924	-4.6746	-2.3585	0.41808	-5.9322	0.19863	-11.33	-9.6714	-3.9115	-6.6022	-6.3135	-6.9571	-2.3585	0.41808	-13.426	-4.0565	-7.3337	-2.7342	-5.5027	-1.3683	-3.8924	-4.6746
7357	3	1.2822	-2.0314	-16.475	-9.8515	-3.27	-9.3299	-6.4911	-1.7375	-4.1951	-1.7047	1.2822	-2.0314	-4.7832	-3.3695	-8.5077	-18.542	-0.19374	-3.7645	-5.5467	-5.6024	1.2822	-2.0314	-10.293	-2.5532	-6.0566	-12.052	-4.3008	-2.3935	-4.7487	-4.1008
7477	3	-1.1486	-0.66302	-6.8129	-3.4829	-9.0273	-10.131	-2.7305	-3.4277	-2.4972	-2.919	-1.1486	-0.66302	-5.9618	-7.7337	-4.7899	-7.6546	-2.2336	-4.6039	-1.3491	-2.4705	-1.1486	-0.66302	-12.408	-13.956	0.9154	-1.6026	-8.4666	-0.68882	-1.28	-2.4369
7520	3	-2.5205	-2.6562	-9.2248	-14.51	-1.3684	-4.4072	-4.6674	-2.827	-1.2289	-5.3346	-2.5205	-2.6562	-4.7008	-7.284	-5.4259	-7.6595	1.037	-3.8452	-1.2289	-5.3346	-2.5205	-2.6562	0.49318	-4.8632	-10.75	-15.567	1.0482	-6.017	-1.556	-7.0186
7535	3	-4.8779	-5.1197	-8.2993	-10.033	-6.9731	-6.2878	2.1894	-4.2026	-6.3214	-2.1317	-4.8779	-5.1197	-13.471	-10.161	-2.5968	-0.82713	-3.5914	-2.7051	-6.3214	-2.1316	-4.8779	-5.1197	-2.2011	-3.204	-14.64	-19.158	2.1649	-7.9184	-6.3577	-3.352
7543	3	-0.24274	-3.1221	-5.1697	-2.1275	-10.656	-21.197	-1.1421	-7.6996	-0.34834	-4.4096	-0.24274	-3.1221	-12.013	-9.6389	1.8965	-6.5602	-4.2161	-4.1971	-0.091039	-3.2595	-0.24274	-3.1221	-10.671	-2.6854	-4.2093	-12.735	-1.634	-4.621	-0.29951	-4.2266
7548	3	-1.7647	-1.5753	-11.881	-15.684	-3.1676	-1.4912	-7.18	-0.76669	-2.0426	2.111	-1.7647	-1.5753	-5.6758	-6.0479	-6.0099	-7.3038	-4.8751	-1.7739	-2.0548	1.9227	-1.7647	-1.5753	-3.2794	-4.6069	-6.8843	-9.4529	-3.9035	-2.1229	-2.1565	1.5029
7630	3	-4.4525	-4.633	-6.8738	-4.8042	-6.3769	-7.803	-12.562	-0.0012748	-5.5833	-8.2104	-4.4525	-4.633	-12.249	-8.6312	-0.57385	-1.0547	-12.803	0.16678	-5.5831	-6.0672	-4.4525	-4.633	-1.5355	1.341	-10.785	-8.0487	-6.1853	-1.6527	-5.5833	-8.3992
7699	3	-2.6932	-5.248	-7.0242	-8.2766	-3.1256	-15.057	-7.1337	-4.4621	-2.8549	-2.0706	-2.6932	-5.248	-12.061	-12.648	-1.6595	-8.7479	-8.6703	-4.0079	-2.8549	-0.14156	-2.6932	-5.248	-1.1738	-4.1643	-10.019	-19.859	-6.3319	-7.9363	-2.8551	-3.4199
7716	3	-2.1407	-3.6753	-9.5872	-15.15	-4.2959	6.3045	-4.2265	-2.2064	-3.2011	-4.2237	-2.1407	-3.6753	-2.9226	-8.6922	-10.411	-5.2067	-3.4153	-6.4618	-3.4119	-4.7217	-2.1407	-3.6753	-2.4144	-3.8759	-15.677	-10.787	-1.5995	-7.4133	-3.7605	-7.2967
7721	3	-4.0152	-2.7601	-14.58	-9.4585	-1.2296	-11.111	-7.4747	-7.304	-3.9366	0.31365	-4.0152	-2.7601	-12.191	-4.1128	-7.1843	-17.831	-3.425	-8.6477	-3.9423	-0.18446	-4.0152	-2.7601	-5.5665	-3.9901	-12.966	-22.237	-2.2837	-13.895	-3.9423	-0.18446
7729	3	-3.874	-4.3664	-6.1	-15.163	-4.86	-8.1006	-9.3997	0.51732	-4.3977	-1.7029	-3.874	-4.3664	-0.018112	-5.6192	-7.8546	-10.929	-4.4129	-3.2333	-4.4559	-2.9149	-3.874	-4.3664	-7.7555	-15.218	-4.6228	-5.0868	-9.4102	1.1211	-4.3974	-1.599
7840	3	-0.27319	-5.8358	1.1873	-0.078446	-5.0633	-13.833	-4.9415	-2.4239	-3.9959	-1.6118	-0.27319	-5.8358	-8.483	-2.3488	-1.6103	-10.029	-3.9988	-1.5502	-3.1795	0.93867	-0.27319	-5.8358	-8.6137	-8.6604	-0.80783	-3.9241	-3.997	-1.5507	-3.1767	1.0996
7841	3	-2.3579	-4.4768	-9.8289	-10.998	-5.4841	-7.4708	0.45819	-5.1914	-0.55142	-3.1565	-2.3579	-4.4768	-3.2578	-3.8637	-11.885	-14.551	1.3105	-7.9236	-0.58292	-4.4313	-2.3579	-4.4768	-8.5752	-4.0629	-8.4561	-10.1	1.2916	-7.9232	-0.57791	-4.3812
7905	3	1.7915	-0.83737	-0.61887	-5.076	-6.8592	-25.56	0.71144	-10.348	-3.4194	-5.696	1.7915	-0.83737	-1.0137	-9.0458	-1.8779	-19.176	0.47707	-7.0011	-3.4194	-5.696	1.7915	-0.83737	-11.648	-11.045	2.6211	-10.438	-4.1503	-4.571	-3.4114	-5.6853
7929	3	-3.1676	-5.0399	-9.4421	-14.215	-0.74227	-4.8942	-3.0756	-1.4247	-4.4185	-3.7906	-3.1676	-5.0399	-7.2958	-10.015	-4.653	-6.149	-1.1699	-1.4146	-4.4234	-3.8136	-3.1676	-5.0399	1.5154	-3.7672	-8.9135	-17.308	0.80904	-4.7877	-5.4957	-7.1625
7962	3	2.6509	-0.96023	-5.1504	-4.0089	-8.3509	-25.357	-1.1914	-0.18821	-6.0174	-9.9958	2.6509	-0.96023	-8.1831	-7.6242	-0.45445	-12.423	-3.8759	5.83	-3.7052	-5.2056	2.6509	-0.96023	-13.606	-12.964	0.7058	-6.799	-3.7218	5.8284	-3.4151	-4.7618
7981	3	-2.2785	-2.4765	3.3251	5.4275	-7.6013	-18.762	-0.31371	-4.6707	-0.76575	-6.5843	-2.2785	-2.4765	-2.0841	-3.2207	-3.3399	-5.8489	-6.245	-0.93106	-0.74975	-3.7379	-2.2785	-2.4765	-7.3409	-4.2625	-1.4259	-2.9229	-6.3284	-1.2919	-0.6141	-2.4333
8033	3	-3.3643	1.2053	-5.0558	-17.997	-2.697	-2.5048	-5.0253	-7.8876	-1.8166	-2.9916	-3.3643	1.2053	5.5578	-7.0265	-7.876	-12.126	0.35127	-11.863	-2.0121	-3.4746	-3.3643	1.2053	-0.52975	-11.801	-5.6495	-5.3165	0.14031	-11.482	-1.8166	-2.9917
8078	3	2.5242	-6.154	-13.684	-10.63	0.92266	-5.2768	-10.016	-0.10286	-3.4127	-2.1187	2.5242	-6.154	-5.2399	-4.4544	-5.151	-13.554	-4.4316	-0.47665	-3.8031	-6.2044	2.5242	-6.154	-4.6315	1.6039	-7.3675	-18.35	-3.9965	-3.3667	-3.8121	-6.2136
8212	3	-3.8264	-4.4096	-8.3912	-2.4515	-6.502	-17.903	-1.57	-0.94902	-5.2432	-6.8347	-3.8264	-4.4096	-2.7869	-2.4309	-12.168	-23.941	-1.56	-6.8078	-5.2432	-6.8347	-3.8264	-4.4096	-9.8776	-10.377	-1.7909	-3.0581	-7.9335	-0.66655	-5.1706	-4.3918
8220	3	0.056934	-1.6343	-12.115	-19.318	0.36271	-6.3373	-2.1934	-5.3069	0.29818	-0.8759	0.056934	-1.6343	-1.5751	-9.7595	-6.0989	-14.804	-0.16025	-10.705	-0.063253	-1.9531	0.056934	-1.6343	-8.826	-17.286	0.72925	-11.179	-2.5314	-5.2979	0.21139	-1.2363
8248	3	-0.96596	-2.8426	-3.5775	-0.76976	-11.914	-22.759	-1.4841	-12.329	-1.5062	-7.2866	-0.96596	-2.8426	-13.008	-10.575	-5.424	-6.2333	-3.0246	-6.9676	-1.4403	-2.448	-0.96596	-2.8426	-8.8753	-6.7298	-6.1091	-10.193	-2.7293	-6.9677	-1.4403	-3.5093
8277	3	-2.8336	-4.2831	-11.028	-15.185	-4.8686	-2.6389	-5.5875	-3.8188	-3.785	-2.9196	-2.8336	-4.2831	-0.79073	-2.644	-11.357	-16.809	0.17744	-10.059	-4.0531	-6.8505	-2.8336	-4.2831	-0.7982	-8.5483	-10.523	-10.965	0.19783	-10.033	-4.0103	-4.1598
8279	3	0.10768	-2.1061	-9.8493	-14.135	0.41505	-3.0083	-6.1267	1.3521	-2.6926	-1.3488	0.10768	-2.1061	-2.1921	-10.339	-3.7298	-9.1848	0.16989	0.84111	-2.7353	-2.2898	0.10768	-2.1061	1.6363	-3.1684	-6.972	-16.306	0.32139	-0.75658	-2.9947	-3.3786
8281	3	-3.3781	-3.2547	-15.93	-12.19	1.1604	-0.27523	-7.5275	-4.7343	-2.1396	-2.8853	-3.3781	-3.2547	-4.7911	-1.734	-10.126	-23.445	-1.6194	-8.6567	-4.4051	-9.1534	-3.3781	-3.2547	-9.7964	-3.0486	-4.5319	-10.588	-2.4717	-5.989	-3.0565	-6.0699
8460	3	-0.50364	0.48505	-13.818	-11.903	-3.242	-3.6369	-3.7097	-0.92859	-2.519	-2.2436	-0.50364	0.48505	-1.6776	-1.0692	-12.34	-15.535	-0.35963	-5.9817	-2.9726	-5.2329	-0.50364	0.48505	-7.4637	-6.561	-8.5311	-8.589	-0.13176	-6.3847	-2.519	-2.2474
8514	3	-1.6478	-1.494	-11.74	-9.1806	-0.84143	-11.359	-2.752	-5.4139	-2.9811	-7.7239	-1.6478	-1.494	-5.6239	-2.9944	-7.1849	-17.889	0.38513	-10.439	-2.9811	-7.7239	-1.6478	-1.494	-17.001	-14.394	4.4626	-2.6806	-4.4313	-8.2827	-1.567	-5.431
8553	3	-2.5499	-2.3353	-15.484	-12.994	-2.8825	-5.4122	-1.9622	-2.3616	-1.7615	-4.1384	-2.5499	-2.3353	-4.4197	-2.6821	-12.868	-22.597	0.68215	-4.1704	-2.6091	-6.82	-2.5499	-2.3353	-4.4492	-6.8157	-7.1772	-21.636	0.32845	-4.1619	-2.6091	-6.82
8555	3	0.77234	-3.2077	-15.194	-16.934	-2.5592	-5.9317	-3.928	2.6908	-1.9655	-1.7941	0.77234	-3.2077	-10.431	-4.3205	-5.8238	-15.987	1.5059	2.183	-1.9655	-3.3561	0.77234	-3.2077	-5.5689	-4.129	-8.5279	-19.387	2.4223	0.73277	-1.9655	-3.5838
8562	3	-4.4152	-4.4041	-7.084	-9.6854	-1.4643	-6.3939	-6.1229	-7.0447	2.2186	-2.5779	-4.4152	-4.4041	-5.7892	-4.6988	-3.1767	-7.9493	-5.0025	-7.0856	2.0873	-3.804	-4.4152	-4.4041	-0.30175	1.0571	-9.4104	-10.365	-3.6842	-9.5492	-0.40793	-4.9818
8677	3	-0.78057	-0.1719	-7.8672	-3.9484	-5.9113	-15.724	-8.4411	0.08838	-4.6118	-1.8607	-0.78057	-0.1719	-10.041	-7.8127	0.6733	-11.678	-11.271	0.2373	-4.6074	-1.8295	-0.78057	-0.1719	-5.6517	-3.6275	-8.6656	-16.634	-8.1644	-2.1632	-4.6118	-1.8607
8722	3	-3.77	-1.9622	-15.019	-10.979	-1.5219	-0.4294	-10.726	-0.64771	-5.1926	-2.0746	-3.77	-1.9622	-8.6065	-1.4206	-7.4024	-6.3923	-5.2493	-0.65264	-5.2862	-2.1816	-3.77	-1.9622	-6.8094	-2.8199	-10.816	-8.8091	-7.2386	-4.7427	-6.7869	-5.2439
8749	3	-3.0236	-3.4064	-9.6001	-7.1743	-0.25205	-20.486	-5.849	-7.1806	-4.2583	-4.4578	-3.0236	-3.4064	-7.3736	-7.1696	-3.2887	-20.586	-5.6099	-7.1825	-4.2583	-4.4578	-3.0236	-3.4064	-5.5622	-0.58065	-8.1425	-23.212	-0.40874	-12.092	-4.2583	-4.4578
8799	3	0.47517	-3.4062	-12.592	-15.67	-0.32652	0.55461	-3.293	-1.797	-2.2634	-1.5811	0.47517	-3.4062	-2.2862	-3.4138	-8.1908	-15.032	1.326	-6.1994	-4.0438	-5.9451	0.47517	-3.4062	-7.0966	-3.9243	-5.4494	-9.2268	0.72479	-0.48816	-4.0438	-5.9421
8882	3	-0.60911	-1.9855	-10.103	-4.9048	-9.9331	-8.3119	5.0333	-3.602	-3.6173	-6.7635	-0.60911	-1.9855	-15.62	-8.764	-3.7386	-5.6981	0.098965	-0.90897	-3.6159	-6.7618	-0.60911	-1.9855	-4.273	-0.43579	-15.53	-13.916	5.5291	-6.9194	-3.835	-9.1125
8937	3	-1.9298	-2.4713	0.23167	-0.83006	-5.5196	-15.227	-4.8462	-12.451	0.22796	-4.2759	-1.9298	-2.4713	-7.0471	-12.445	1.9014	-3.5765	-10.056	-9.4672	0.33147	-1.6183	-1.9298	-2.4713	-1.9458	-6.4975	-1.0475	-13.45	-10.316	-9.3742	0.22802	-4.275
8949	3	-1.6593	-7.9161	-10.435	-12.142	-0.30042	1.4593	-4.1901	-1.7314	-2.2162	-2.6533	-1.6593	-7.9161	-1.5682	-1.2139	-7.9183	-16.623	1.7135	-3.5822	-2.9498	-3.4937	-1.6593	-7.9161	-7.9335	-5.9759	-3.8897	-7.8893	-2.4425	-0.34796	-2.91	-3.46
8969	3	-1.0608	-5.4991	-7.4399	0.80471	-6.929	-6.892	-4.8023	-1.6577	-3.037	-5.6218	-1.0608	-5.4991	-0.99913	3.3872	-11.228	-13.188	-4.6953	-6.6185	-3.7682	-6.3552	-1.0608	-5.4991	-12.032	-5.6229	-0.42872	-0.45145	-9.6745	-0.90832	-3.037	-5.6218
8970	3	0.94043	-3.6052	-9.3145	-4.0559	-11.07	-18.402	0.97781	-7.0431	-5.614	-6.4876	0.94043	-3.6052	-15.418	-9.7316	-6.1285	-4.7824	0.83343	-2.3761	-5.3072	-2.8329	0.94043	-3.6052	-14.299	-8.9191	-9.7675	-9.601	1.0109	-6.6892	-5.323	-2.9564
9062	3	-1.1821	-7.6449	-6.9789	-6.8888	-3.8787	-5.2263	-1.2412	-2.527	-0.65262	-2.9721	-1.1821	-7.6449	-1.4145	-6.9945	-3.2466	-8.8314	-1.5383	-2.0437	-1.0594	-3.2405	-1.1821	-7.6449	-0.050442	1.797	-8.588	-14.765	-0.5714	-5.0054	-3.0589	-6.4902
9132	3	-3.3605	-6.2027	-2.5895	3.593	-7.0833	-13.744	-3.7155	-4.9693	-2.3766	-5.0716	-3.3605	-6.2027	-10.468	-2.4571	0.92935	-7.2069	-3.7001	-4.9548	-2.3179	-2.6199	-3.3605	-6.2027	-10.722	-5.5478	1.0915	-1.3728	-3.6228	-5.0439	-2.1374	-2.1968
9146	3	1.1488	-1.1994	1.5249	-3.2647	-7.2244	-16.578	-2.9448	-7.2755	-3.2723	-2.5482	1.1488	-1.1994	-8.6273	-14.096	0.13689	-5.6162	-4.4418	-2.9624	-2.4598	-0.84862	1.1488	-1.1994	-2.1242	-9.8716	-1.7964	-11.294	-4.4383	-3.0139	-2.4649	-0.91617
9152	3	-2.3273	-3.4557	-3.3136	4.2177	-10.47	-19.012	0.19668	-8.7918	-2.4518	-4.1067	-2.3273	-3.4557	-7.2914	-2.3469	-2.7052	-14.132	-4.837	-2.3315	-2.4408	-3.8474	-2.3273	-3.4557	-12.988	-4.3245	0.065153	-6.9191	-5.4649	-2.3907	-2.3717	-2.9559
9167	3	-4.3001	-4.4716	-10.02	-8.8778	-2.3996	-0.73662	-7.4918	-3.3535	-1.8591	-3.7917	-4.3001	-4.4716	-8.4409	-1.399	-6.5853	-7.6394	-5.5388	-3.5109	-1.8594	-3.8327	-4.3001	-4.4716	-2.8303	-0.038867	-13.299	-13.737	-5.2582	-7.0779	-1.8611	-3.9986
9178	3	-2.6365	-4.03	-0.33969	-7.6244	-9.7749	-13.387	-3.3476	-6.9245	-4.2938	0.1825	-2.6365	-4.03	-1.3782	-12.195	-6.2357	-11.651	-3.4069	-2.446	-4.2938	0.3015	-2.6365	-4.03	-9.4597	-19.044	-0.088491	-5.8547	-9.5108	-1.468	-4.2938	0.47716
9195	3	-0.5538	-4.6035	-2.3869	-4.2153	-2.5145	-16.108	-4.3062	-0.91412	-5.7593	-5.9768	-0.5538	-4.6035	-1.1235	-0.63428	-5.173	-20.778	-2.064	-6.7454	-5.7593	-5.9768	-0.5538	-4.6035	-7.9671	-10.719	0.95535	-0.75464	-7.9376	-1.1639	-4.4886	-4.4063
9275	3	-0.36321	-4.5778	-11.637	-11.754	-2.6963	-6.1586	-5.8914	-5.0432	-5.5465	-3.1529	-0.36321	-4.5778	-7.2991	-4.1976	-9.3529	-11.795	-4.8085	-8.1049	-10.117	-6.327	-0.36321	-4.5778	-6.4508	-7.3972	-3.9713	-8.6942	-6.4131	-4.7202	-6.1014	-3.8367
9287	3	-3.8085	-0.022487	-3.8249	-10.292	-6.4712	-14.015	0.24204	-5.659	-0.86386	1.8026	-3.8085	-0.022487	-12.637	-12.502	-3.0868	-7.8634	-1.3985	-4.4358	-0.86188	2.3781	-3.8085	-0.022487	-3.7954	-5.1689	-9.6649	-18.309	0.61138	-7.9183	-0.86387	1.8013
9324	3	-1.9933	-3.2721	-7.5774	-4	-6.7213	-7.9364	-5.0864	0.8636	-6.5174	-5.7991	-1.9933	-3.2721	-13.3	-13.986	-2.1413	-1.8198	-11.132	1.501	-6.4632	-5.4567	-1.9933	-3.2721	-8.2195	-7.5325	-6.891	-4.9162	-4.9638	0.85721	-6.4633	-5.4569
9404	3	-1.0405	-3.7961	-1.3208	-5.7318	-4.6039	-10.715	-1.2686	-5.1197	-2.2973	-5.2562	-1.0405	-3.7961	-0.57497	-2.4149	-11.184	-12.794	-1.2507	-8.6977	-2.415	-8.2837	-1.0405	-3.7961	-7.243	-7.6921	-1.2462	-4.4884	-7.2664	-6.1334	-0.44056	-3.8238
9408	3	-0.043283	-3.1205	-11.534	-7.1223	0.40639	-10.559	-4.5122	-0.17528	-6.9705	-3.3432	-0.043283	-3.1205	-15.297	-10.7	-3.1062	-7.7521	-2.6088	-2.8616	-4.1948	-1.4046	-0.043283	-3.1205	-5.7869	-1.4403	-11.231	-16.637	-1.6137	-5.5703	-9.0988	-6.9369
9422	3	-0.83623	-3.9887	-4.0377	-5.6136	-7.5506	-22.124	1.9138	-7.4676	-1.3095	-3.4184	-0.83623	-3.9887	-14.253	-13.369	-0.14048	-3.4275	-3.8386	-2.5014	-0.06761	-1.8888	-0.83623	-3.9887	-4.9075	-11.055	-5.2874	-7.9994	-3.6566	-1.745	-1.1463	-3.23
9493	3	-4.8076	-6.7458	-10.519	-12.771	-1.0391	-4.617	-13.373	-0.51525	-6.0754	-4.5236	-4.8076	-6.7458	-2.6175	-7.2766	-12.14	-15.337	-8.584	-5.809	-9.563	-7.8273	-4.8076	-6.7458	-8.332	-8.2765	-5.6123	-8.696	-11.725	-0.66808	-6.488	-4.7294
9552	3	-3.1465	-2.4357	-2.0473	-6.09	-9.0867	-26.399	-7.6411	-11.891	-4.5072	-2.3024	-3.1465	-2.4357	-9.0401	-12.945	-3.8523	-9.9315	-12.628	-5.8585	-4.3968	-1.074	-3.1465	-2.4357	-6.4804	-7.3387	-4.5917	-14.347	-12.656	-7.2249	-4.4705	-2.0492
9569	3	-2.1433	-7.1079	-1.6179	-5.3869	-6.4991	-16.43	-5.4031	-9.9962	-6.4377	-9.776	-2.1433	-7.1079	-11.348	-15.168	1.9313	-2.7121	-8.3471	-3.4163	-6.4374	-4.1031	-2.1433	-7.1079	-5.8293	-5.4025	-4.581	-12.409	-5.7284	-7.919	-6.4377	-9.0367
9589	3	-2.4057	-3.0752	-7.2284	-10.552	-1.6878	-11.391	-9.7579	0.59253	-4.1128	-2.1809	-2.4057	-3.0752	-1.3797	-4.0965	-9.6321	-16.752	-4.9573	-1.0803	-4.3582	-2.5149	-2.4057	-3.0752	-12.872	-14.781	-3.5878	-7.2794	-8.233	0.22477	-3.6926	-0.21997
9593	3	-2.9959	-3.8027	-5.4711	-8.6668	-4.1039	-2.4933	-5.8124	-1.1675	-2.972	-3.8141	-2.9959	-3.8027	-8.4162	-12.764	-2.3929	-1.6858	-8.4673	-0.69136	-2.972	-3.8141	-2.9959	-3.8027	-3.5527	-7.0427	-7.6721	-11.561	-3.9221	-3.1752	-3.0022	-3.9452
9620	3	2.2644	-2.0271	-8.4374	0.33891	-8.6034	-14.961	-4.3056	-8.7595	-4.8589	-7.4919	2.2644	-2.0271	-13.254	-9.8855	-1.0077	-1.9322	-8.2198	-3.3178	-2.8937	-4.4059	2.2644	-2.0271	-9.7865	-2.6835	-5.4439	-9.565	-4.0768	-5.1427	-4.1961	-6.0564
9669	3	-3.0382	-2.5002	-9.375	-12.472	1.4752	-4.7474	-7.202	-3.3577	-4.0474	1.689	-3.0382	-2.5002	-2.5695	-11.492	-4.4636	-5.61	-3.7118	-4.8118	-4.0644	1.6601	-3.0382	-2.5002	0.15463	-3.5171	-9.1048	-10.222	-4.2983	-9	-4.252	1.0854
9675	3	-1.7171	-0.59897	-4.7712	-6.161	-12.06	-8.9546	-5.9131	-3.8522	-5.0249	-5.9764	-1.7171	-0.59897	-4.8332	-6.3468	-12.178	-8.9191	-6.1733	-3.8167	-5.753	-6.2126	-1.7171	-0.59897	-4.987	-6.4511	-11.711	-8.5923	-6.4045	-3.7947	-5.2099	-5.8671
9705	3	1.253	-1.4716	-17.269	-15.124	-3.909	-4.9601	-9.7317	-1.1095	-5.0211	-1.8938	1.253	-1.4716	-11.033	-6.4183	-8.0978	-11.714	-5.2109	-1.1178	-5.0297	-2.2445	1.253	-1.4716	-4.9989	-6.0599	-14.482	-16.193	-5.2084	-6.8319	-5.0302	-2.2561
9709	3	-1.3375	-4.5169	-5.1062	-11.661	-7.6315	-9.6679	-2.6127	-2.8616	-4.1353	-4.5585	-1.3375	-4.5169	-11.488	-17.328	-5.5559	-4.8077	-3.8574	-2.0769	-4.1353	-4.5551	-1.3375	-4.5169	-3.3813	-5.4266	-10.697	-18.313	-1.7085	-4.9007	-4.1354	-5.7027
9773	3	0.85211	1.5688	-1.1011	1.7744	-12.304	-29.33	1.7696	-5.2856	-2.9834	-6.7506	0.85211	1.5688	-12.678	-7.4909	-2.619	-8.8104	-3.885	0.74342	-2.6592	-2.7605	0.85211	1.5688	-7.6333	0.099784	-5.3122	-12.921	-3.8816	0.5298	-2.9788	-6.7191
9846	3	-3.4372	-2.2382	-3.9911	-3.6419	-10.095	-18.326	1.848	-13.647	-0.74061	-4.563	-3.4372	-2.2382	-11.018	-14.441	-3.3492	-7.0049	-3.2311	-7.5015	-0.57528	1.6556	-3.4372	-2.2382	-5.444	-7.9683	-5.2081	-13.944	-3.2311	-7.8762	-0.57615	-2.9988
9935	3	-2.927	-0.80473	-6.2654	-8.6958	-3.5441	-14.948	-2.1695	-2.2361	-2.4698	-1.5631	-2.927	-0.80473	-1.3529	-3.0558	-11.828	-27.166	0.11076	-8.1946	-2.4701	-1.5674	-2.927	-0.80473	-12.038	-15.445	-2.2984	-6.1514	-3.1361	-2.282	-2.3957	0.043951
9956	3	-2.7958	0.067911	-0.94055	-2.6926	-12.816	-18.13	1.1295	-9.4183	-3.361	-7.3888	-2.7958	0.067911	-11.483	-12.692	-0.99388	-6.9477	-4.8252	-5.9632	-1.0436	-2.9513	-2.7958	0.067911	-6.9482	-7.9055	-2.1562	-9.6698	-4.8722	-4.5764	-3.18	-4.1241
9972	3	-3.8035	-8.3479	-6.62	-13.85	-1.2854	-6.2337	-5.8892	2.2789	-3.2067	-3.048	-3.8035	-8.3479	3.4129	-11.385	-5.4836	-9.342	-0.89302	1.2821	-3.4092	-3.4759	-3.8035	-8.3479	5.3981	-4.6144	-10.7	-21.934	0.36825	-4.1819	-3.4546	-6.3026
