4	3	2.380522	0.716141	-7.061386	-6.495973	5.366046	5.650215	-0.522391	2.144862	3.462628	2.008439	2.380522	0.716141	3.585666	3.687718	-5.537372	-12.790302	5.300539	-3.959655	3.106952	-3.564909	2.380522	0.716141	3.552782	-2.347882	0.130913	-6.903832	4.654633	0.580855	3.106952	-3.564909
53	3	6.294861	3.902102	7.374527	-0.577332	-1.453797	-14.691809	7.014974	0.672510	0.842875	0.469988	6.294861	3.902102	2.525814	-5.092713	4.554820	-0.596179	2.626731	7.238707	0.843061	0.478568	6.294861	3.902102	-3.494448	-9.866923	7.425249	4.796890	2.608103	7.238153	1.007163	1.865187
83	3	4.001578	3.010805	-10.501924	-9.548293	3.392739	9.471139	-0.465049	6.264925	1.434690	2.629304	4.001578	3.010805	-4.585542	1.860641	-0.854163	0.033825	4.502633	4.085688	1.429753	1.981715	4.001578	3.010805	2.258200	1.981710	-5.351209	-10.772334	4.220954	1.484524	1.013832	-0.552194
206	3	5.213387	4.390810	-7.695348	-7.869834	4.058342	9.077049	1.596423	4.340825	3.965309	3.475218	5.213387	4.390810	2.902011	3.012238	-3.882913	-3.758418	8.114011	0.568853	3.262684	-2.379637	5.213387	4.390810	-2.463628	-3.110334	-0.910668	6.920089	6.637063	4.086285	3.965309	3.474827
219	3	3.670489	-0.219052	-6.461821	5.086422	1.172299	1.272971	4.724343	7.827536	0.072104	1.529926	3.670489	-0.219052	1.270707	6.522838	-4.148368	-7.671010	5.269055	1.403175	0.060990	-0.816528	3.670489	-0.219052	-6.761642	-4.857245	4.916176	9.701715	0.276350	7.828877	0.126503	2.047650
241	3	4.651316	2.083364	-4.488824	-0.508198	0.496195	4.639912	5.637249	1.572671	5.661645	3.869237	4.651316	2.083364	-4.514908	1.569905	0.924324	1.414881	4.049324	2.940619	5.646217	3.459921	4.651316	2.083364	7.644655	4.727553	-4.534725	-6.217141	7.111552	-1.422228	4.834498	1.538986
258	3	5.927947	1.864643	-5.214611	-6.987641	7.257054	6.961611	-1.849847	6.613780	3.578119	3.087651	5.927947	1.864643	3.295689	2.720732	1.157539	-0.555107	0.068976	8.215492	2.601603	2.241655	5.927947	1.864643	-1.777804	-1.683797	6.840121	-0.146056	-2.027522	7.123489	3.304942	2.724799
273	3	5.709358	4.464790	-7.614276	-7.593188	4.219752	5.874223	-0.673664	5.089308	2.330238	4.236471	5.709358	4.464790	-0.148397	3.918072	-4.513270	-1.622946	1.005253	0.008100	0.746204	0.390993	5.709358	4.464790	-1.528327	-1.648789	-0.380918	3.317954	3.478707	2.329005	2.329248	4.197447
353	3	5.158439	2.145014	-5.436558	-8.196843	4.761084	10.003053	0.427142	4.261397	3.690500	4.378818	5.158439	2.145014	2.411681	3.337650	-5.290814	-10.084351	6.940415	-1.456013	3.063571	1.517299	5.158439	2.145014	2.116447	-2.223379	0.767419	-3.868086	6.097686	1.852265	3.063572	1.517299
390	3	6.102010	1.803875	2.113313	1.319851	-2.855395	-8.817095	5.787134	0.164618	-1.313311	-1.126458	6.102010	1.803875	1.481154	-2.532800	1.361641	0.006673	2.383671	4.721859	1.114100	2.650146	6.102010	1.803875	-2.049222	-5.219550	2.854004	6.894639	2.715140	3.697267	2.856597	3.228595
410	3	3.699580	1.324513	-4.053825	-6.760178	5.402432	10.957004	-0.703308	7.044150	2.396488	0.219916	3.699580	1.324513	6.377752	4.458609	-5.431049	-3.089765	3.824411	2.002340	2.395883	-1.168330	3.699580	1.324513	0.239105	-1.390774	-2.019761	8.658949	3.826394	4.627095	2.396488	0.219916
423	3	5.752018	5.433447	1.447744	4.048342	-3.308675	-8.895292	5.967741	-0.399461	3.790090	0.183315	5.752018	5.433447	-6.487764	-5.955667	2.734492	4.966269	1.972605	5.814686	3.912768	4.637765	5.752018	5.433447	-0.023558	-4.800163	2.238487	0.028015	3.093407	5.705216	3.910629	4.109218
429	3	3.837060	1.498237	0.884845	4.721567	-7.093584	-5.600666	-1.227253	1.242269	0.033344	2.297849	3.837060	1.498237	-4.672954	-2.911273	3.413622	7.008239	-0.065615	5.229185	3.220046	3.614622	3.837060	1.498237	-3.381350	4.704586	-2.242451	-0.711163	-1.603087	3.212655	0.033569	2.298086
654	3	5.795365	3.330261	2.803709	0.517878	-4.456927	-7.660827	5.838040	0.248003	2.345956	0.432257	5.795365	3.330261	-7.179909	-5.345973	7.896112	3.933606	4.857827	3.696736	3.925155	3.401191	5.795365	3.330261	-3.781332	0.757031	1.678402	-0.308655	5.881040	2.783360	3.818579	3.144728
656	3	6.060055	4.001493	2.443687	-3.398317	-0.559003	4.855481	-3.611876	4.070982	1.409341	2.848950	6.060055	4.001493	5.393715	0.131385	-0.858617	-0.907063	-2.458912	3.634434	1.409324	1.896489	6.060055	4.001493	-3.701710	-8.737621	5.238041	10.260929	-4.757012	7.733987	1.409341	2.848956
663	3	3.975293	3.541425	4.223558	3.777259	-3.601023	-15.623725	5.983733	2.124164	3.798958	0.846832	3.975293	3.541425	-6.676217	-6.059695	4.662193	6.383993	2.423002	6.681377	5.090914	4.575743	3.975293	3.541425	3.523346	-2.095298	0.303994	1.504140	2.507586	6.151765	5.054710	4.113029
673	3	2.832893	1.176935	-1.378764	-3.927609	5.629646	-0.999577	2.831048	7.360742	3.043830	2.678214	2.832893	1.176935	3.061001	2.436943	-3.716417	-11.991829	6.930144	3.442737	2.752825	2.429203	2.832893	1.176935	0.711331	-4.164900	2.318749	-6.226508	4.991802	7.084172	2.752831	2.429209
705	3	5.422607	2.855154	-4.912594	-3.616606	3.823957	4.947543	-2.597232	6.215601	4.286259	5.181159	5.422607	2.855154	7.239154	5.520718	-0.328736	0.418931	1.383263	6.807528	3.522675	3.694426	5.422607	2.855154	0.801336	-0.888009	3.708114	0.893589	-2.561503	6.445362	4.067783	4.317955
732	3	4.977515	3.385373	3.940226	0.520119	-4.497777	-3.312901	-3.330922	0.656438	-0.903849	0.922884	4.977515	3.385373	0.093183	-3.051970	0.659299	3.431793	-2.878954	6.330634	-0.149878	2.151851	4.977515	3.385373	-6.233859	-6.192708	6.633941	9.854857	-6.265809	7.140347	-0.039326	2.195033
806	3	4.982342	1.869551	-1.369498	-5.248457	-1.095488	8.489586	1.261474	5.516161	1.057095	4.397649	4.982342	1.869551	-7.300017	-9.683495	3.267131	8.701438	-1.694140	6.329128	1.057095	4.397649	4.982342	1.869551	3.718021	0.894450	-1.562402	0.176248	0.976772	5.397343	0.723254	1.576667
808	3	5.074290	2.822518	-5.551037	-6.635619	8.109080	5.678021	1.769788	0.513261	4.609622	1.985032	5.074290	2.822518	3.084206	5.910158	-2.111380	-10.446417	5.643343	-0.597634	3.261346	-1.466571	5.074290	2.822518	1.718504	-6.641342	4.231282	0.867946	3.541692	1.367804	4.242983	0.957998
818	3	5.139378	1.873270	3.962743	-1.769504	-3.374911	-0.502057	-0.785657	2.479170	1.819561	2.070931	5.139378	1.873270	-4.947240	-6.320217	3.355467	9.379116	-2.425683	6.832052	2.328855	2.975504	5.139378	1.873270	4.123500	0.399622	-4.972217	-1.846410	-0.905239	1.551889	1.763886	1.256452
823	3	4.035339	3.100361	3.676342	2.593844	-2.605090	-4.534421	5.709820	-0.107422	2.393159	-1.323964	4.035339	3.100361	-4.869136	-6.969035	5.064155	7.798473	2.111781	0.713316	4.264609	2.973547	4.035339	3.100361	-0.253298	-0.527431	3.966090	-0.159336	2.296655	0.707418	4.237051	2.830343
831	3	4.850996	4.125915	4.124975	2.416166	-5.039858	-7.010507	3.690643	-1.808183	2.196454	2.308391	4.850996	4.125915	-7.296840	-7.828801	4.960689	4.885179	-1.529942	3.623540	2.796354	4.275890	4.850996	4.125915	3.098891	-7.348080	0.827121	-1.770613	4.017798	2.534673	2.715574	3.301126
872	3	6.086420	3.244695	6.602123	3.765971	-1.167259	-6.380134	4.539850	2.989790	4.599853	0.940055	6.086420	3.244695	5.291897	-0.432827	1.660403	0.778980	2.071975	3.706663	5.302581	3.267018	6.086420	3.244695	-2.832775	-4.748669	5.046972	6.157154	-0.609703	4.063065	5.525766	4.934977
912	3	4.477951	3.372036	3.344912	4.705943	-5.146251	-4.671128	3.978837	1.655636	3.058409	1.216004	4.477951	3.372036	-8.655057	-3.849477	7.623026	6.873555	-1.322977	2.916876	3.304400	1.701239	4.477951	3.372036	-6.803914	-0.864252	6.029108	3.020448	-1.102133	2.916956	3.304347	1.701118
940	3	4.051815	4.679549	-3.200383	1.871835	-1.622992	1.134738	6.659315	-1.378526	4.711770	3.937682	4.051815	4.679549	-11.788109	-4.405471	3.063378	8.695994	2.756559	4.084241	5.029231	4.167698	4.051815	4.679549	-10.306868	0.470824	0.492720	6.137897	4.629610	4.001755	5.028876	4.167375
960	3	4.344613	2.365234	-7.355321	0.607027	2.038701	0.095024	4.484645	4.609271	4.116691	2.941134	4.344613	2.365234	1.955517	4.250346	-1.954513	-1.780357	3.665788	4.691683	3.098158	1.968184	4.344613	2.365234	-8.365054	-1.447034	2.654910	1.474068	3.367103	4.698489	4.368025	3.495300
972	3	5.702221	4.263816	-1.071510	-1.663120	6.070858	0.435850	3.722848	3.104254	4.267872	3.600911	5.702221	4.263816	2.504583	0.444216	0.399120	-7.001364	5.984265	1.638117	4.239548	2.070429	5.702221	4.263816	1.700169	-1.080019	2.120709	-4.695431	5.212997	2.471971	4.239548	2.070429
1020	3	5.234444	3.992033	-1.869179	-9.762389	5.123532	3.474382	0.023369	1.425957	3.862127	4.188781	5.234444	3.992033	4.151789	-4.398337	0.799994	-0.800662	2.580527	0.534545	3.816202	3.567063	5.234444	3.992033	7.354250	1.591309	-2.067401	-7.472258	6.031617	-2.093566	3.566290	2.885903
1096	3	5.447534	3.846069	-3.357431	-5.574120	5.330028	5.462677	1.357601	-0.844209	4.623655	3.669519	5.447534	3.846069	0.008729	2.674525	-2.858393	-3.480391	6.151005	-0.158341	2.700709	-0.010533	5.447534	3.846069	0.897929	-5.543190	2.011077	1.429636	5.779176	-1.553443	4.595649	3.360356
1107	3	2.955077	2.426231	-7.140545	-3.039332	4.449285	2.734473	0.262647	2.765700	3.968288	4.207484	2.955077	2.426231	-2.214244	-0.904582	4.803893	-0.572909	-0.121475	2.766223	3.967585	1.295397	2.955077	2.426231	2.462657	4.678867	-2.605029	-11.712797	5.024194	-1.646984	3.955801	-0.099780
1111	3	2.924708	2.833601	-1.995769	-1.443129	-0.003915	5.723767	1.511181	3.372868	4.387060	4.672036	2.924708	2.833601	-7.220231	-6.133268	3.170920	7.061705	-1.634026	3.874294	4.389021	4.692384	2.924708	2.833601	1.341685	-1.475610	0.192915	1.436585	1.407304	3.563366	4.287520	4.255797
1245	3	5.031476	2.349170	-3.883212	2.810038	0.786327	3.320857	4.434944	3.180773	3.583179	1.614651	5.031476	2.349170	6.602705	7.711310	-4.488627	-7.075437	4.524174	-0.516664	3.556884	-0.071071	5.031476	2.349170	-4.285272	-3.353786	7.120814	8.728001	0.000108	4.786128	3.583684	1.621668
1371	3	4.631855	3.952757	1.884741	1.977483	-2.335709	-12.697569	5.718120	-1.561833	4.020298	1.717739	4.631855	3.952757	-3.368016	0.761176	2.117386	-2.608933	4.531348	4.310459	4.034326	3.711418	4.631855	3.952757	-10.578274	-6.679746	5.141468	3.107866	4.339864	4.912335	4.034354	3.968168
1450	3	6.009895	2.235362	2.135198	1.889114	-2.885622	-2.283263	-0.308568	-0.201932	0.891261	1.580000	6.009895	2.235362	-1.259949	-3.018089	2.335870	0.549851	2.969884	3.205389	3.773082	4.133699	6.009895	2.235362	-1.269365	-3.009071	2.757392	0.582860	2.936534	3.271645	3.579895	3.889854
1452	3	5.670276	3.575138	0.533928	5.336508	-0.824022	-12.752257	6.789744	-0.928024	4.875818	1.607285	5.670276	3.575138	-10.491949	-3.573509	6.063108	4.313501	3.205409	2.915676	5.433772	3.267802	5.670276	3.575138	-5.470503	1.668933	3.533052	-1.077356	3.198698	2.915528	4.882205	1.623004
1506	3	4.858084	1.838366	4.858778	0.692832	-5.436558	-13.241484	3.720384	0.892264	1.909023	-3.250917	4.858084	1.838366	4.226095	-4.895249	1.083546	-1.081558	1.651889	6.388333	1.909161	-3.243855	4.858084	1.838366	-2.764373	-12.398515	3.266470	4.479484	-1.376473	6.097200	2.426001	3.120742
1536	3	6.041007	-0.149299	2.519884	1.159495	-2.227730	-3.361945	-1.112059	1.672528	0.737178	1.161584	6.041007	-0.149299	0.500032	-7.487920	2.872045	6.623451	0.122502	6.374649	2.925574	3.519975	6.041007	-0.149299	1.151025	-4.087110	1.551266	4.260547	0.121962	5.346320	2.925402	3.519746
1571	3	4.715257	-0.258516	-5.952177	-4.875087	4.839508	7.407598	-3.485479	5.267939	2.069003	3.889230	4.715257	-0.258516	-3.619037	4.665265	1.169395	1.526451	1.093808	5.010280	2.069003	3.745960	4.715257	-0.258516	0.201504	5.662253	-0.743996	-4.296032	1.216531	-0.009593	2.069003	3.598026
1614	3	3.840665	1.646684	3.496567	3.963613	-5.647425	-5.286443	7.504085	3.614098	2.709037	2.231679	3.840665	1.646684	-5.885251	-5.677918	4.690692	5.881374	1.920929	8.562106	3.699465	4.860616	3.840665	1.646684	3.962820	-1.678217	0.122085	-4.360208	7.166732	7.101381	2.901761	2.572244
1632	3	4.778854	1.173601	-4.274707	-7.128627	2.967860	4.665439	-1.993191	5.312679	3.854150	4.244181	4.778854	1.173601	2.136464	1.660067	-3.629495	-9.875087	1.969036	1.734774	3.807379	3.290735	4.778854	1.173601	0.570644	-4.516468	2.955044	-0.569824	-1.984273	5.357508	3.817231	3.349126
1713	3	3.004468	2.647404	-4.010343	-4.129942	4.156902	-0.052791	-0.050854	4.212828	4.011380	4.361097	3.004468	2.647404	4.598882	-3.988176	-0.499152	-13.761243	4.127564	0.274053	3.761227	0.784506	3.004468	2.647404	4.668163	2.454261	-6.580365	-19.271542	4.209033	-1.990425	3.761227	0.784506
1716	3	3.626356	5.675153	-2.267155	-2.630829	3.675709	-1.004934	-0.489292	0.355975	5.447960	3.147487	3.626356	5.675153	-6.537298	-5.418752	3.709722	1.803034	-0.474346	-0.000836	5.604444	3.406569	3.626356	5.675153	2.038388	0.286432	-2.052974	-9.404269	4.965943	-0.773277	3.910749	0.886449
1843	3	4.847276	3.632640	-5.501264	-7.329506	3.234045	5.686652	-3.926903	3.739151	2.501664	3.106055	4.847276	3.632640	2.058695	2.824227	-2.768622	-0.707211	-0.103612	-0.889143	2.245558	1.956523	4.847276	3.632640	0.722120	-2.028516	1.493930	-0.430293	-3.191664	2.957376	2.312539	2.207473
1844	3	5.792662	4.237507	-4.156971	-6.633548	8.046991	5.179882	1.541907	3.502260	4.133367	3.885194	5.792662	4.237507	5.122620	4.453288	-2.197915	-5.716673	5.613857	5.236128	3.673376	2.981640	5.792662	4.237507	0.314717	4.326156	0.548225	-1.677932	5.644884	3.760231	4.070694	3.666361
1911	3	2.598267	1.506210	-3.812769	-1.681143	5.223477	0.867289	2.615188	1.691907	2.687364	3.024732	2.598267	1.506210	-3.566523	0.447443	1.876849	0.606304	1.933651	1.593911	1.750783	2.763721	2.598267	1.506210	-3.657726	0.336586	2.187507	0.666218	1.762141	1.677173	1.944297	2.833998
1994	3	4.759452	3.255202	-6.021893	-3.148304	3.594088	2.417550	2.049371	5.821190	3.925363	3.576837	4.759452	3.255202	3.032108	2.620127	-4.738593	-11.967895	6.378813	-0.508965	3.734395	2.420338	4.759452	3.255202	-2.110027	2.212726	1.414975	-1.299575	5.796817	5.583927	3.743110	2.438960
2006	3	4.397373	3.412456	0.570425	2.947297	-2.506820	-6.628665	6.011098	0.913244	3.262826	3.561286	4.397373	3.412455	-4.697015	-1.752324	3.915022	-0.628932	4.719255	6.827924	3.966852	4.378451	4.397373	3.412456	-4.242501	2.483719	0.731580	-4.155451	5.507357	2.017844	3.634587	3.784655
2029	3	5.045995	2.397469	2.207341	-2.378926	1.505166	2.554501	4.889793	4.916503	3.058157	1.338728	5.045995	2.397469	-4.652267	-7.093410	7.995155	8.606147	0.613808	5.067597	3.103700	1.571829	5.045995	2.397469	4.229124	3.021110	0.160165	-3.919177	4.001726	4.096375	2.043888	-3.759744
2048	3	5.211163	4.078569	3.217312	0.844791	-6.363936	-8.144951	6.926734	-5.500791	1.844799	-0.962324	5.211163	4.078569	-4.530329	-5.437479	2.251870	1.869844	4.610232	0.363906	2.279817	3.401155	5.211163	4.078569	2.836216	-1.722409	-0.240729	-5.899086	6.697350	-5.057244	1.844799	-0.959565
2052	3	4.653771	2.774294	6.260646	4.137058	-5.863870	-3.873329	6.346557	4.077609	2.395916	0.171767	4.653771	2.774294	6.286156	-2.221081	-0.074485	-0.401307	6.276058	4.017292	2.558964	1.318060	4.653771	2.774294	-3.999916	-7.538925	6.002658	6.319585	2.051128	5.281680	2.921247	4.228923
2083	3	0.350469	3.409789	-7.325632	-6.264952	3.339539	3.310254	1.948529	7.712197	4.364303	4.832705	0.350469	3.409789	4.293331	3.166005	-1.410006	-1.540162	3.524016	2.617318	3.457886	1.083829	0.350469	3.409789	-5.341873	-1.116378	3.547122	1.179828	1.795687	7.740092	4.321512	3.716857
2090	3	5.189706	3.616294	6.699103	4.948089	-2.500976	0.384017	2.713914	5.691052	2.466628	0.224465	5.189706	3.616294	-4.840095	-4.630670	4.774507	9.819824	-3.529931	7.571196	3.148195	3.516250	5.189706	3.616294	0.388935	0.030579	0.315716	6.663436	1.059239	6.831152	3.148195	3.516249
2120	3	3.967435	3.586156	-6.676737	5.757508	-0.813168	-0.367233	4.413356	-0.065863	3.975966	3.801122	3.967435	3.586156	-8.354934	-4.897011	3.301876	8.872316	-1.922438	5.522706	3.977768	3.831538	3.967435	3.586156	-0.049693	6.759249	-0.912725	-5.229690	4.359513	-0.013540	3.948559	3.478302
2175	3	4.134878	4.376794	-5.484053	3.293721	1.692096	2.246026	-2.319580	3.226092	3.821633	3.357929	4.134878	4.376794	-8.537179	-0.971737	6.180053	7.781373	-2.266309	4.124401	3.917931	3.445017	4.134878	4.376794	0.468737	5.927957	-0.897768	0.500538	0.667212	-1.596842	3.620397	3.218041
2177	3	4.640658	1.121039	-1.924205	-0.643933	5.881506	-1.444418	-3.602760	7.134294	0.232845	0.397133	4.640658	1.121039	-7.406560	-3.933900	6.886152	4.513925	-2.868660	7.134107	0.935729	2.567940	4.640658	1.121039	2.926106	2.834962	-4.730859	-3.746213	1.617202	2.785465	0.232845	0.397055
2185	3	4.895586	4.019993	-1.500034	-1.923420	-0.074069	3.621146	4.557230	4.262266	3.735706	4.381088	4.895586	4.019993	0.140086	2.299974	-3.247289	0.211578	4.440572	4.386998	3.459832	3.753425	4.895586	4.019993	-0.776534	1.216080	-3.127341	0.976488	4.295907	4.438000	3.655182	4.168700
2186	3	4.817159	5.465841	1.691744	4.110927	-5.498216	-4.217079	5.236865	-1.505943	3.126317	0.977247	4.817159	5.465841	-9.761746	-8.100520	4.830121	3.974874	0.108824	1.217834	4.791901	2.761000	4.817159	5.465841	-2.718891	1.590836	0.963066	-2.061358	5.031179	0.346559	3.518314	1.273591
2225	3	5.284143	3.511899	5.641398	1.572502	-2.435447	-13.415605	6.064415	-2.653899	4.105824	1.393423	5.284143	3.511899	-1.512747	-4.973210	6.983621	1.604145	1.271348	-0.406458	4.495547	4.235913	5.284143	3.511899	3.075062	-2.531138	3.886401	-2.520173	1.127150	0.593347	4.181304	1.878982
2322	3	3.010054	1.500440	1.152608	-5.641812	-0.167510	0.169490	5.048571	2.956288	0.337135	-0.397091	3.010054	1.500440	-10.246716	-11.462245	4.919478	10.805665	-0.597708	5.541170	0.712223	0.423067	3.010054	1.500440	1.642379	0.420494	-6.240526	-3.153529	5.021102	-0.790717	0.318880	-0.461793
2375	3	5.927081	3.429162	3.506537	3.770055	-5.415624	-7.346677	8.098101	3.431663	2.177924	0.349749	5.927081	3.429162	-3.162490	-2.520515	2.444066	0.987851	5.321935	6.606140	5.234982	3.054316	5.927081	3.429162	0.964801	-2.440480	0.706870	-1.712472	6.678350	5.014978	2.178706	0.411453
2391	3	4.294352	3.299085	5.076194	4.634639	-6.394851	-19.521189	5.288954	0.829216	3.999213	2.552930	4.294352	3.299085	-0.606989	-1.059658	6.187542	-3.167635	-0.848299	6.101013	4.001589	2.567126	4.294352	3.299085	-3.958340	-3.833332	3.244148	2.625225	0.039334	3.719348	4.688033	4.837525
2405	3	5.717688	4.669052	-8.728498	-2.735962	1.638582	6.856064	-2.168594	2.181653	4.767178	4.882945	5.717688	4.669052	-2.454199	-1.454878	-0.908146	1.390221	1.369456	-3.898944	4.766705	4.875462	5.717688	4.669052	-1.592003	-1.606196	-1.924310	-0.326301	3.920375	-3.868854	4.446337	4.000587
2412	3	4.610355	0.983984	0.198395	2.009511	2.905825	-0.836728	-0.787257	2.922838	2.869981	0.378050	4.610355	0.983984	5.427786	6.025588	-1.306790	-12.364391	4.616260	1.525968	2.592477	0.009074	4.610355	0.983984	-3.866935	-3.431728	6.176958	4.231144	-0.334372	2.720707	3.222036	4.198989
2419	3	2.375728	-1.211702	1.628213	0.941688	-1.412377	-4.020357	2.302658	1.156798	-1.226746	1.374054	2.375728	-1.211702	-4.664424	-5.706674	7.251055	4.967815	1.664519	5.914289	2.374010	3.593710	2.375728	-1.211702	-0.999467	3.266430	1.581049	1.131568	5.110825	5.689383	2.373941	3.593644
2426	3	3.483056	1.299609	3.358998	3.364759	-6.383182	-10.613057	4.792383	0.464776	-1.425712	-1.834153	3.483056	1.299609	-4.184845	-5.408051	1.704960	5.025068	-0.960320	4.990925	2.523598	3.789393	3.483056	1.299609	-4.752873	3.303467	-0.242381	-0.030099	-1.150626	2.544102	-1.425647	0.223851
2441	3	4.412772	2.707193	-1.915453	0.904592	3.015628	-2.213090	4.072141	3.216886	4.299558	4.440672	4.412772	2.707193	2.953621	5.624464	-1.175615	-10.732939	7.452603	-2.779301	4.299462	2.508304	4.412772	2.707193	-6.022007	-3.610699	4.882624	2.764078	4.052347	3.260010	4.299558	7.381540
2463	3	5.493599	5.035193	-9.273428	-8.159059	5.427068	3.213240	-0.406964	3.040948	3.569184	4.275831	5.493599	5.035193	0.094639	1.983825	-2.626404	-5.373405	3.019724	-2.333369	3.483092	3.072600	5.493599	5.035193	-4.089502	1.426406	0.446085	0.579041	2.646337	2.067607	3.557655	3.767364
2465	3	7.184413	6.867564	-2.273058	-0.448023	3.460116	0.673500	1.219927	5.711446	3.766132	4.519748	7.184413	6.867564	1.500100	3.978599	-4.094869	-13.443946	6.711408	-0.046075	3.671101	2.336615	7.184413	6.867564	-5.234657	-6.797286	4.055321	4.246088	1.222992	5.711694	3.770334	4.728598
2466	3	3.474980	4.011156	-8.168365	-6.828923	2.273661	2.844421	4.280856	4.359484	4.652705	5.523695	3.474980	4.011156	-1.267586	-3.240145	-3.944771	-0.873799	8.981567	-0.932126	4.579811	4.736059	3.474980	4.011156	-1.459038	1.047450	-4.306435	-3.675946	8.981532	0.154574	4.225721	3.700371
2526	3	5.478902	4.205901	-7.299537	-7.435412	5.980268	8.439172	0.149793	5.140212	2.184914	3.775432	5.478902	4.205901	-6.238268	3.039259	0.541652	1.368858	1.125754	5.114509	2.184725	3.677440	5.478902	4.205901	-2.682282	3.129787	0.762758	-1.602199	1.030619	5.166769	2.165289	2.233645
2587	3	4.712987	3.846512	6.859215	1.657466	-3.392126	-13.472596	5.468699	-5.058548	3.707258	2.244971	4.712987	3.846512	-4.968652	-7.422687	3.925845	4.276754	-0.988841	1.327884	3.707373	3.488359	4.712987	3.846512	-3.546028	-1.175978	2.212592	0.690048	-0.740134	0.723263	3.707351	2.900902
2634	3	5.954583	3.898116	1.540682	3.843284	-3.133952	3.145057	0.398754	1.301650	3.526988	3.847401	5.954583	3.898116	6.478680	5.151072	-5.249071	-0.026735	-5.937096	2.483891	0.298955	2.136443	5.954583	3.898116	-4.907095	-2.456156	4.793221	10.005775	-2.882957	6.141952	3.528900	3.850384
2668	3	4.952015	4.286929	-1.952445	-0.822413	3.560116	-4.486292	-0.488853	0.851409	3.414712	1.059441	4.952015	4.286929	-8.241438	-1.567971	5.526271	1.101380	-0.185396	0.752826	3.655468	1.952253	4.952015	4.286929	3.677136	3.998409	-3.622927	-14.847536	5.676599	-3.590548	3.414707	1.059426
2683	3	3.807426	4.211795	-4.719225	-3.848817	4.280053	9.759466	0.617249	5.665764	4.786262	2.924584	3.807426	4.211795	4.883782	7.164431	-3.322009	-2.248194	6.323421	1.927770	3.784671	-0.946060	3.807426	4.211795	-1.100962	2.107598	-1.062485	4.446581	6.764590	1.697145	4.783061	2.904769
2710	3	5.204647	3.948390	4.129524	-2.801461	-0.262567	-9.053622	6.031707	0.944169	3.809303	1.767078	5.204647	3.948390	5.042458	2.524977	-5.605381	-15.472858	6.090505	0.867765	3.809223	1.766701	5.204647	3.948390	-4.970713	-7.974070	2.296698	6.178410	3.424222	5.454662	4.171850	4.549015
2722	3	4.995396	3.625843	2.880988	-0.044330	-3.281721	-10.417210	3.584750	-0.943462	2.646371	-0.519072	4.995396	3.625843	-3.573997	-3.905365	5.785923	3.385937	-2.063849	1.435862	5.188685	3.720538	4.995396	3.625843	1.833691	-1.948724	0.234788	1.743260	0.501045	1.437970	4.918995	3.281871
2752	3	1.942100	3.396800	3.885923	5.447815	-9.865207	-7.864516	3.991978	-0.274502	4.276469	2.392928	1.942100	3.396800	-3.328646	-4.782284	3.124933	1.974019	-2.555774	4.673458	4.278404	4.605700	1.942100	3.396800	-6.505230	-4.848731	3.128715	5.563152	-2.555983	4.674386	4.278406	4.861373
2981	3	5.525623	1.505935	6.392170	5.996082	-4.023132	-9.593913	4.665983	3.069161	2.743770	2.892044	5.525623	1.505935	-5.115386	-4.316497	4.217064	2.337526	-0.786170	5.969554	3.977306	4.745510	5.525623	1.505935	0.212714	0.768686	4.109662	-1.749831	-1.246253	6.403038	2.848878	2.921651
3006	3	4.448425	3.059624	-4.594408	-4.753878	6.095538	7.164628	2.183812	4.402275	3.745774	3.928938	4.448425	3.059624	0.550935	3.821858	2.776847	-1.268111	2.241128	4.546803	3.614031	3.636117	4.448425	3.059624	3.045446	5.136757	-0.899811	-9.310548	6.129430	3.365661	3.584855	3.586070
3018	3	5.739102	2.835031	-1.280614	-7.364019	5.666365	5.805366	-5.202754	4.395330	2.773885	0.373109	5.739102	2.835030	5.351103	2.829087	0.100592	-5.096072	-0.549644	4.447632	2.553445	0.012085	5.739102	2.835031	3.390880	-1.039285	3.849353	-4.906571	-5.587097	4.470485	2.553445	0.012086
3045	3	5.063327	1.190099	5.069542	3.001975	-0.668591	-10.743248	8.093628	3.324761	3.364093	0.736064	5.063327	1.190099	2.145925	-1.446365	4.762737	-2.348417	3.539395	8.642455	3.472450	1.433101	5.063327	1.190099	-2.128187	-5.054885	3.388391	1.889427	3.557391	8.491711	3.707755	3.626490
3064	3	5.848729	3.162641	-0.802644	-5.950410	-1.674269	1.264715	3.767807	3.740774	2.515287	3.425684	5.848729	3.162641	-6.883091	-10.107133	0.898822	9.559020	0.384423	5.415244	2.515287	3.425687	5.848729	3.162641	4.732668	0.783489	-6.853264	-3.542064	3.838185	0.388710	2.513592	1.577720
3072	3	4.022595	3.372652	0.867928	4.183841	-0.549148	-15.205766	9.093656	-2.494427	5.059726	2.453512	4.022595	3.372652	7.049884	4.185315	-4.744929	-19.832004	9.311191	-2.708355	5.059726	2.453512	4.022595	3.372652	0.635709	-2.042780	5.143131	-1.184122	6.140565	3.060580	5.059736	2.453703
3091	3	5.573860	4.495406	-2.536901	-1.642051	4.893333	0.535054	-0.540266	3.608321	3.319796	4.614169	5.573860	4.495406	-8.218642	-7.310463	4.891518	6.950101	-0.535662	3.596015	3.324283	4.718799	5.573860	4.495406	2.282739	4.367352	-3.138827	-15.670070	5.175357	-0.627511	2.662471	1.162994
3110	3	5.398132	3.936226	-5.030611	-7.266621	5.622979	6.808696	-1.701389	7.202591	3.562717	3.198232	5.398132	3.936226	3.654380	2.120586	-4.263225	-8.551089	4.604211	3.191325	1.631171	-0.827532	5.398132	3.936226	-1.986903	3.479056	0.370871	0.413854	3.076692	7.609829	2.837345	2.642687
3165	3	4.758947	2.407459	1.500802	-0.490699	-3.857180	-4.449027	7.503143	-3.551297	3.786438	3.562588	4.758947	2.407459	-4.792969	-7.594181	5.005916	0.870283	3.279247	-0.254267	4.257681	5.173181	4.758947	2.407459	-4.502129	-0.692070	-0.180916	-1.027621	7.950378	-1.530578	3.974658	4.087689
3204	3	6.074486	4.662266	4.344406	3.653760	-2.972080	-10.081419	7.317166	-5.894134	3.711017	2.151177	6.074486	4.662266	-2.749682	-2.890456	7.268530	-1.037150	3.786711	0.408149	3.711017	2.741490	6.074486	4.662266	0.380177	-2.218939	6.320692	-5.938069	3.786719	0.408100	3.711017	2.151179
3210	3	4.219358	1.727281	0.247782	3.946322	-2.301600	-3.156780	3.470017	0.003525	2.976369	2.203510	4.219358	1.727281	-6.782285	-5.094224	6.194065	7.990373	0.847237	5.326017	3.945418	3.006901	4.219358	1.727281	0.225605	-0.807020	0.101362	3.750849	3.809424	4.980215	3.902741	2.949687
3214	3	2.934558	2.947074	5.518571	2.684325	-5.802247	-4.762419	4.825782	1.636747	3.344194	1.454114	2.934558	2.947074	0.073924	-2.261424	-0.785712	8.216989	4.720240	7.164094	3.522602	2.810262	2.934558	2.947074	-6.019320	-4.891490	3.683616	10.776603	-0.175807	7.754164	3.522602	2.810262
3270	3	6.026398	3.242307	4.809189	5.982733	-2.805238	-8.855631	5.880804	-0.050623	4.078378	2.834446	6.026398	3.242307	-1.205634	-2.823258	5.299922	-0.477040	1.276765	3.049613	4.613621	4.178671	6.026398	3.242307	-1.098720	3.305352	1.900996	-2.491036	4.915305	4.264312	4.224715	2.954271
3351	3	6.068962	3.169858	3.712307	2.719410	-3.151413	-4.318785	1.205042	2.365634	2.189174	2.293410	6.068962	3.169858	-6.260157	-8.782440	3.170256	7.559459	-4.102370	5.962549	2.628890	4.665143	6.068962	3.169858	-0.745206	2.557402	-2.454060	0.383883	1.515800	2.735383	2.601683	4.387838
3356	3	3.058370	0.718507	-6.092492	-4.707675	5.327898	6.586153	1.195926	6.300833	4.857441	4.754195	3.058370	0.718507	5.178886	6.092231	-3.871319	-7.718899	7.257889	3.054121	4.668288	0.253187	3.058370	0.718507	3.713866	0.088132	-0.725475	2.091023	1.203318	4.773942	4.857441	4.497249
3358	3	4.837883	2.614884	3.512023	2.773205	0.001002	-7.440352	1.666136	0.077742	-0.093317	1.387246	4.837883	2.614884	-0.903651	-0.935175	7.646889	-0.149273	2.535170	5.221612	2.190627	2.694575	4.837883	2.614884	-7.269976	-5.095781	7.444942	4.188054	2.877219	5.097945	2.534607	3.448415
3385	3	4.437256	3.665206	-9.873790	-4.031145	3.849936	7.506921	-0.675571	3.198845	2.491470	1.957523	4.437256	3.665206	-7.084138	5.667267	0.034985	-1.176428	3.837808	2.213056	1.697595	-0.209054	4.437256	3.665206	-0.091779	5.968141	-3.256581	-6.860534	4.760129	-0.645888	1.697580	-0.211055
3427	3	2.216918	2.311781	6.644406	-4.755725	-0.078898	-4.210326	4.477479	2.653251	4.377814	2.847278	2.216918	2.311781	-2.111066	-4.992313	5.468285	0.989869	4.084539	2.503127	5.000402	3.060472	2.216918	2.311781	6.871403	1.608790	-6.295338	-13.838789	6.875392	-2.292957	4.377814	2.847278
3431	3	5.141167	3.450281	-5.212591	-4.605466	5.495285	4.894127	1.172208	4.764610	4.016889	3.785111	5.141167	3.450281	-1.853935	0.404919	1.856355	1.772724	2.215911	5.381450	3.726920	3.374713	5.141167	3.450281	5.929977	2.595627	-4.325233	-2.768475	1.309862	1.066026	1.030705	0.135111
3501	3	0.881188	-2.059198	-3.175644	-8.397422	4.598252	4.309290	-1.909442	-0.641575	4.068355	4.952070	0.881188	-2.059198	5.202974	2.028085	-4.674498	-2.746887	1.630299	-6.024476	3.173049	2.428796	0.881188	-2.059198	5.526434	-5.596671	0.277930	-0.305776	2.561413	-0.555204	3.901994	3.133973
3517	3	5.307186	2.339352	6.544972	4.707522	-1.389942	-6.135758	6.373274	1.623971	3.032502	2.713962	5.307186	2.339352	-4.718662	-4.988067	3.164146	3.493828	4.597635	6.555818	3.063381	5.321189	5.307186	2.339352	1.895431	-0.713210	3.477180	-4.377910	4.379600	6.589589	3.032506	2.714004
3519	3	5.022302	3.871687	-10.010619	-8.302270	5.850985	3.409305	-4.947678	0.422451	1.596278	2.860263	5.022302	3.871687	-1.304900	2.047894	-3.497970	-1.641829	-0.604652	-0.403691	0.797532	2.202839	5.022302	3.871687	-6.095742	-3.076525	6.291393	0.267787	-5.444425	1.140155	1.146347	2.607651
3537	3	4.140006	0.301312	-3.575937	-6.515761	5.870644	7.931108	-0.273332	3.580630	4.697471	3.568710	4.140006	0.301312	4.682611	3.898442	-5.746719	-5.972676	4.506197	2.519567	1.733920	-0.245854	4.140006	0.301312	4.166647	-2.483265	0.346779	-3.518751	4.433366	6.240568	1.733920	-0.245854
3560	3	4.321732	4.189994	-2.767514	0.405349	5.756682	0.814235	0.814623	5.770307	4.356490	2.234157	4.321732	4.189994	4.330817	5.881997	-0.429289	-13.606029	4.934053	0.448974	3.851532	-0.026672	4.321732	4.189994	-4.364937	-3.998225	4.987241	3.502206	0.819415	5.763558	4.362502	4.160471
3569	3	5.688501	3.415080	-6.364754	-3.662615	2.482008	9.014818	-0.277789	3.207805	4.395642	3.855312	5.688501	3.415080	0.117789	3.808191	1.426471	-0.925017	0.128429	4.132426	3.964199	-1.667796	5.688501	3.415080	-6.203088	2.326836	-0.991711	3.428621	1.895197	1.700217	4.395604	3.851251
3627	3	4.905344	3.967596	-3.300020	-5.855683	5.641784	6.396342	-0.734253	4.888475	4.680351	4.267386	4.905344	3.967596	5.579659	1.226378	-2.460132	-5.227927	4.789511	2.772328	2.763218	0.111365	4.905344	3.967596	5.215773	-3.624191	0.577218	-2.088071	4.460141	4.843209	2.765489	0.115252
3641	3	5.107172	5.235182	-1.524158	-3.285334	5.501409	4.955345	-0.877220	3.507546	3.830409	4.788644	5.107172	5.235182	0.988321	3.449165	-1.932066	-6.998447	4.817999	2.472902	3.109296	3.232998	5.107172	5.235182	1.431189	-1.807507	3.299580	0.168225	-0.476821	3.482967	3.777364	4.251393
3672	3	5.483731	2.191065	-1.387128	-5.214523	4.699794	4.078103	-0.586893	6.633205	4.154008	4.417718	5.483731	2.191065	1.866313	-3.060459	2.930959	0.530496	-0.382696	6.680993	4.082319	3.928993	5.483731	2.191065	3.435700	7.504630	-1.134177	-6.769912	5.186593	6.544010	3.500194	1.788133
3701	3	4.205583	3.403443	-6.281155	-5.732369	6.539833	9.384186	0.560528	5.665409	3.278278	2.360805	4.205583	3.403443	5.725091	6.046918	-4.019757	-3.253353	6.859045	-0.576929	3.242813	2.276029	4.205583	3.403443	-2.600246	-0.419072	0.186930	6.531048	6.824265	2.521839	3.278278	2.360805
3712	3	4.479200	3.754344	-0.981661	-2.952319	2.684289	1.214619	-2.085352	6.499386	3.253714	4.882199	4.479200	3.754344	-5.041539	-7.957795	2.801315	5.513962	-2.236000	6.516916	3.253714	4.882199	4.479200	3.754344	4.714052	2.114026	-4.688064	-4.765068	3.189481	4.983129	3.223131	4.327184
3736	3	4.963972	1.815475	0.921000	2.275374	-2.766851	-0.654406	1.017916	1.936064	0.121229	0.873730	4.963972	1.815475	-5.581029	-0.457071	1.775277	10.687134	-3.783533	6.614528	0.523902	1.169936	4.963972	1.815475	-9.038380	-3.802602	6.521771	12.661665	-3.822690	7.501489	0.524145	1.170122
3751	3	6.128957	1.840050	-11.519008	-5.783857	3.068970	5.484664	4.517934	5.852712	2.057784	5.331563	6.128957	1.840050	0.753662	1.873733	-3.006150	-10.175223	9.538821	-0.316216	2.053095	3.907225	6.128957	1.840050	-5.449918	0.231324	2.872547	-0.336782	4.735243	5.821954	2.057686	4.809429
3754	3	6.202019	3.309387	-9.960050	-5.419424	4.239740	2.969856	2.380743	3.011416	3.653462	4.698368	6.202019	3.309387	1.273919	5.298814	-0.506302	-5.288248	5.388076	3.108552	3.330024	3.375492	6.202019	3.309387	-5.683822	-1.290733	4.681652	0.836613	2.369768	3.028945	3.607091	4.349214
3851	3	4.819367	5.290632	0.575034	7.234527	-1.860616	-7.426803	3.934535	2.768547	3.903443	3.045393	4.819367	5.290632	-3.325846	6.862070	0.691039	-0.332186	3.042763	4.788643	3.980616	3.428149	4.819367	5.290632	-7.522483	-5.139635	6.678436	10.391031	-0.911955	5.824481	4.066567	3.945038
3867	3	5.269808	3.106515	-7.495820	-5.150745	4.516040	10.620131	2.973041	4.443313	4.318304	5.046188	5.269808	3.106515	-1.409115	-0.326345	-0.727820	2.382042	6.592187	-0.168529	4.318267	5.032103	5.269808	3.106515	4.783686	-1.018477	-4.655583	-2.210919	5.913625	0.374604	2.438803	2.197920
3900	3	3.941417	4.038293	0.070131	-8.708040	4.755291	0.760361	-4.281531	4.578422	3.572387	4.754062	3.941417	4.038293	1.844892	1.851024	-1.442050	-6.049932	1.669869	-0.614853	3.329361	2.776652	3.941417	4.038293	-5.439921	-8.730491	4.563393	6.323562	-4.280238	4.568504	3.573508	5.742920
3917	3	3.239866	4.272049	-11.723277	-8.894616	3.590120	5.661766	-4.698232	8.663263	2.176730	4.567970	3.239866	4.272049	0.059206	2.683603	-4.685696	-2.506468	1.058471	3.095541	2.152304	3.556797	3.239866	4.272049	-2.190145	1.507013	-1.903290	-1.111505	0.598120	3.100036	2.175393	4.350332
3993	3	4.343429	4.289773	-0.832601	-4.909055	5.762570	-0.272276	2.023356	3.533938	4.288880	4.052563	4.343429	4.289773	4.808422	5.074885	-0.991675	-14.898873	6.610661	1.344634	4.017821	2.404109	4.343429	4.289773	-0.382557	-1.164593	5.636637	-4.729009	2.027569	3.542009	4.285517	3.530941
4075	3	3.515960	2.117175	1.190546	1.426378	-1.692632	-12.009809	1.616282	-1.056599	-0.032310	-0.819636	3.515960	2.117175	-5.405566	-1.923207	6.045167	3.866662	2.195184	4.055793	3.351522	3.301912	3.515960	2.117175	0.613860	-1.231739	3.420165	-0.326605	0.367619	4.797579	1.961839	2.670426
4117	3	5.658685	3.497898	1.053084	4.788354	-1.064744	-1.615103	4.725801	3.394253	1.111830	1.531062	5.658685	3.497898	-8.931040	-2.849896	5.925766	10.223712	0.452606	6.010609	1.848555	3.056348	5.658685	3.497898	-2.250314	2.175064	1.496896	3.452254	0.465132	4.505833	1.848537	3.056274
4222	3	5.632272	3.919605	2.354156	3.038060	-6.739292	-6.979140	4.587579	-1.954625	2.984448	-1.053619	5.632272	3.919605	4.355576	-1.334422	-0.729572	1.981299	5.057790	4.623189	4.334237	3.488868	5.632272	3.919605	-3.258628	-7.388087	4.993838	10.824023	1.702439	4.650089	4.388767	3.763773
4275	3	4.337705	2.585247	1.718365	6.135574	-2.331399	-15.277040	6.742729	2.285467	3.614969	2.722340	4.337705	2.585247	-3.393954	3.653726	1.712897	-0.103575	1.128449	4.668981	3.624723	2.748807	4.337705	2.585247	-7.854227	-2.437513	4.478247	5.275910	1.234439	4.781753	3.945502	3.698748
4332	3	5.594418	0.805130	-5.581177	-7.731691	5.996344	7.679357	-0.233990	1.087818	4.736499	3.098574	5.594418	0.805130	6.838780	4.887675	-4.567123	-10.967834	6.187613	-4.725246	4.723762	2.120106	5.594418	0.805130	0.295563	-1.659568	-0.119061	6.101727	0.761876	1.085321	4.736499	3.098573
4347	3	5.259966	3.964285	1.704257	4.166219	-5.641528	-7.017827	5.401451	-0.706957	3.122686	0.522353	5.259966	3.964285	-9.147489	-6.831467	4.239186	10.505445	-0.918351	0.574936	4.970513	3.121443	5.259966	3.964285	-3.177370	-0.729654	-0.322122	1.881231	5.023271	-0.850577	4.870212	2.849907
4390	3	4.977758	4.238972	-10.558949	-4.178169	2.012239	4.904116	0.765118	1.855412	5.407590	4.960964	4.977758	4.238972	-0.671207	2.000095	-3.381788	-7.575268	4.386875	-2.618954	4.053788	2.363130	4.977758	4.238972	-3.490161	2.037310	0.256736	-6.057575	4.700851	-2.900041	4.615776	2.795913
4403	3	5.035492	1.029546	-2.336943	-7.230267	0.654867	7.260232	1.307476	2.241116	2.052280	4.267416	5.035492	1.029546	3.589827	2.901965	-8.732162	-4.796604	0.242620	1.882674	0.854741	1.607127	5.035492	1.029546	3.945700	-0.796056	-5.584557	-0.520125	1.470993	1.271041	1.695231	3.176962
4479	3	5.306243	4.355980	-5.571370	-8.425950	4.783812	3.302911	1.543176	2.890280	4.759513	4.149468	5.306243	4.355980	2.787523	2.756980	-5.026207	-9.661532	5.589116	1.162706	3.235937	0.824740	5.306243	4.355980	-0.378438	-5.875921	5.287239	0.135060	1.015328	3.456492	4.591613	2.386240
4511	3	4.652844	2.892396	-4.056586	-4.282140	8.065362	8.003727	-2.356488	1.249497	3.838922	3.161246	4.652844	2.892396	6.684847	6.466885	-2.653377	-7.450305	2.560412	-1.973948	2.908239	1.381578	4.652844	2.892396	4.523174	-4.258171	1.794739	1.463163	3.001875	1.537297	3.729940	2.883196
4520	3	3.682577	1.375355	-6.408269	1.189791	-1.665438	4.674678	3.720270	6.243700	-0.852111	4.766419	3.682577	1.375355	-12.502527	-5.171095	3.496257	8.698621	-2.245308	7.653766	-0.852111	4.766419	3.682577	1.375355	-0.148670	7.763805	-7.089451	-3.603599	3.729375	2.468215	-0.882258	4.475969
4565	3	3.883237	-2.515818	-6.194220	-2.676550	5.830177	6.513617	-3.683720	3.609523	3.991626	3.043130	3.883237	-2.515818	3.042805	6.115939	-6.016795	-5.402659	-0.315081	0.928612	2.470057	1.091520	3.883237	-2.515818	-1.675792	6.877463	-0.882988	-0.194640	0.120973	2.783786	3.431643	2.192540
4623	3	5.509568	4.139415	6.215193	4.773484	-4.389775	-5.813889	3.847965	2.519858	0.819684	-0.231680	5.509568	4.139415	-1.897582	-6.715288	3.679885	6.840297	2.385031	5.588094	3.322925	2.472066	5.509568	4.139415	5.739919	-4.458256	-0.379294	1.504019	4.179295	5.075067	2.030333	1.904367
4662	3	5.037434	1.347356	-5.550611	-10.247320	2.765537	9.287712	0.683055	6.647362	2.054870	3.962827	5.037434	1.347353	2.053936	-3.740044	-3.168599	2.938029	2.823347	3.619399	2.054870	3.962827	5.037434	1.347356	1.859154	-9.449752	0.869481	3.152144	1.878704	5.044819	2.054870	3.962827
4671	3	4.839366	-1.647170	4.564418	5.439447	-4.752446	-2.872827	-0.826666	3.967790	1.661242	-0.648754	4.839366	-1.647170	-6.381303	-5.341351	6.386395	10.322806	-3.237309	8.777443	2.072225	1.613415	4.839366	-1.647170	3.648017	0.662161	-4.711415	0.859575	-0.706506	3.986231	1.993595	1.175024
4673	3	4.892101	1.865971	-8.893904	-6.959640	4.522618	2.991828	-7.452093	1.708172	1.883538	3.929212	4.892101	1.865971	0.966631	4.508611	-3.426747	-7.917454	-1.190485	-1.983591	1.862321	2.427017	4.892101	1.865971	-4.878602	-0.824575	0.292782	2.935394	-1.174905	1.707498	1.883538	3.929212
4677	3	3.619072	-0.329591	5.356387	5.208824	-7.072201	0.809446	1.985502	4.446191	3.437573	3.422167	3.619072	-0.329591	-4.739442	-3.338346	4.578378	10.040393	-0.315140	8.332476	3.442830	3.961859	3.619072	-0.329591	-0.995483	2.671996	-0.805778	6.177202	1.566427	7.715826	3.442830	3.961859
4684	3	3.914492	2.037560	-8.126364	-5.645907	7.040571	11.081953	0.475221	7.042066	3.000282	0.737993	3.914492	2.037560	0.823573	3.243256	-3.210571	-1.859548	3.205832	1.052468	2.628263	-0.977543	3.914492	2.037560	-5.008129	-1.284574	0.693972	10.096769	2.634018	4.122978	3.000282	0.737993
4776	3	5.590127	4.237137	-0.001819	5.916291	-0.470450	-3.580935	4.773758	4.755478	3.722298	-0.046648	5.590127	4.237137	-6.789164	-1.450666	6.047315	1.437709	-1.519852	6.604370	3.730752	3.384651	5.590127	4.237137	-8.293170	-5.804697	5.519234	3.968287	-1.519697	6.568254	3.743293	3.622685
4803	3	5.077859	2.569317	-1.064746	-2.203076	7.097981	-0.829628	0.663550	4.527599	2.122437	2.391013	5.077859	2.569317	3.290455	3.171253	-2.418170	-10.952721	4.846053	0.259104	1.004927	0.464039	5.077859	2.569317	-6.391121	-8.058302	7.100731	4.389843	0.840591	4.477014	2.359305	2.893689
4824	3	6.168720	4.126465	5.357992	-4.852887	1.574317	-2.128835	5.114344	6.488071	2.507548	1.336990	6.168720	4.126465	-4.684420	-11.423267	4.750217	7.453681	2.970876	6.664856	2.549711	3.404229	6.168720	4.126465	4.692011	0.829670	-0.207949	-5.636407	4.962887	5.499050	1.377151	-0.484246
4883	3	4.344700	0.649681	-5.293705	-5.287697	3.347491	5.118254	-0.769851	5.490846	3.918496	4.531727	4.344700	0.649681	1.261594	4.185045	-2.293231	-5.944824	-0.258632	0.675983	0.720823	2.377441	4.344700	0.649681	-0.907290	-0.877458	4.376683	-0.371308	-2.179566	6.339393	1.902892	2.940275
4898	3	4.456027	3.588683	2.466979	4.992395	-3.484869	-10.230923	6.670433	-1.779398	3.392632	2.812083	4.456027	3.588683	-8.481533	-4.146517	6.002667	7.539712	0.709098	3.739941	3.598055	7.377745	4.456027	3.588683	-2.210091	-0.280500	4.577480	0.957509	0.712209	3.739954	3.598049	7.239765
4996	3	6.219357	3.062854	-4.756466	-6.137448	5.121606	8.420398	-3.284380	5.430289	3.298635	3.560582	6.219357	3.062854	-0.529370	-3.104278	-0.891613	6.091955	1.912338	3.874460	3.298634	3.560572	6.219357	3.062854	5.255810	2.129837	-5.207854	-2.671535	1.663932	2.629972	2.695826	2.270646
5010	3	5.263693	3.884980	0.562047	2.878830	-5.655161	-8.686331	8.291803	0.377183	4.369628	0.460240	5.263693	3.884980	-7.376216	-4.811835	2.053465	9.321326	1.869520	3.763519	4.649198	3.338620	5.263693	3.884980	-0.155402	-2.908907	-1.539903	-0.549477	7.227236	3.402084	4.378875	2.448606
5099	3	4.482056	2.615228	0.754294	-4.258460	3.703725	1.276711	1.499021	2.649377	3.794144	2.547737	4.482056	2.615228	-1.433747	-5.925905	6.511736	3.125122	1.466316	2.712645	3.795949	2.734842	4.482056	2.615228	8.074108	3.522627	-0.747857	-11.568467	4.957116	0.813491	3.769286	1.081845
5128	3	5.189386	4.385521	0.788163	2.894736	-3.156107	-4.722036	1.009819	1.569323	2.592832	0.718218	5.189386	4.385521	-8.853591	-4.910183	2.859069	5.755981	3.928206	6.191350	3.565926	3.954495	5.189386	4.385521	-3.481721	0.058772	-0.914276	0.642402	2.670492	3.322384	3.181383	1.800657
5154	3	5.227671	0.027171	-2.209940	3.241760	0.365287	2.740510	2.447018	3.569449	3.184567	4.036821	5.227671	0.027171	0.932184	4.932687	-2.740252	-5.177263	4.506556	1.881202	1.816973	0.551924	5.227671	0.027171	-3.243421	-2.765918	6.975813	10.181203	-0.342393	4.959212	3.184567	4.036823
5175	3	4.492815	3.562107	0.260363	-5.404314	5.102497	3.834104	-0.086442	5.733708	2.907255	3.357856	4.492815	3.562107	1.363834	2.584085	-1.729189	-4.438768	-0.539517	1.182052	-1.323805	-0.930147	4.492815	3.562107	3.576230	-3.227340	1.283276	3.560751	2.674384	5.653344	2.906929	3.357457
5310	3	6.256286	4.278430	-3.083194	4.617373	1.795131	0.413296	3.269429	4.914358	3.583179	2.978629	6.256286	4.278430	3.986059	5.258728	-0.214328	-11.928882	6.060409	0.881609	3.413408	2.216560	6.256286	4.278430	-5.460469	-7.309136	6.397877	7.180901	3.081076	5.861618	3.583218	2.979243
5335	3	6.726251	4.066818	1.632238	-0.431271	-5.409539	-3.241374	0.463987	-0.371448	0.639209	1.099977	6.726251	4.066818	-6.623922	-2.732894	4.151779	0.841438	-2.257378	1.997653	4.526860	3.823142	6.726251	4.066818	-2.904017	0.751227	-1.060200	0.470712	2.391830	-0.616523	2.444031	2.458738
5338	3	4.314459	1.563164	1.777139	0.169045	-3.286010	0.010948	1.035819	3.646332	1.285579	0.323371	4.314459	1.563164	-10.058380	-7.503385	5.418734	3.641593	-4.326623	6.411207	1.788527	3.231913	4.314459	1.563164	-3.784721	-1.112452	-0.268434	3.626847	1.236411	3.821822	1.788499	3.231664
5344	3	4.507059	0.978556	-3.720171	-10.203053	6.538423	4.914769	-1.792906	6.491640	2.095338	2.468733	4.507059	0.978556	2.098795	0.736050	-2.099737	-0.995221	0.079713	2.335872	1.348261	0.231150	4.507059	0.978555	1.330810	-2.420683	0.288165	1.488198	-0.021237	6.203427	1.445092	1.917543
5398	3	6.390012	3.748615	4.933068	0.239781	-0.895269	-6.955000	7.820293	-1.442213	3.698389	3.011337	6.390012	3.748615	-2.485047	-8.649261	4.522266	7.655491	4.753178	4.126018	3.901218	4.538288	6.390012	3.748615	4.867937	-2.359557	0.390512	-6.724977	7.419001	1.101039	3.698389	3.011337
5405	3	6.166897	4.616305	-10.933079	-4.182257	3.528416	7.364053	3.165821	4.804977	5.238552	3.455842	6.166897	4.616305	-2.285562	1.792569	-1.902577	3.249189	4.812151	0.390518	5.232788	3.434808	6.166897	4.616305	1.141538	4.043811	-2.433185	-3.431866	4.815407	-0.021641	5.035757	2.852525
5465	3	6.022434	3.461763	-0.479032	-2.750716	-2.447147	5.505862	8.582826	0.509957	3.147531	4.405796	6.022434	3.461763	-7.101696	-8.708699	3.564496	8.192643	6.566309	6.965367	3.147546	4.405916	6.022434	3.461763	5.807263	-0.164207	-2.714713	0.011931	8.424853	0.583948	2.915697	3.146147
5479	3	5.773403	4.219917	1.683961	0.932812	0.811576	-4.082203	3.961482	6.339064	0.628431	1.201952	5.773403	4.219917	-2.348989	-4.594390	7.901470	-0.546564	2.543901	5.542503	4.018368	3.416900	5.773403	4.219917	-4.489887	-9.962109	7.761172	4.035133	2.544068	5.535905	4.021621	3.878904
5562	3	3.735895	4.314503	-13.004740	-7.346565	4.712564	5.577794	3.367640	3.043869	3.831920	2.659539	3.735895	4.314503	-0.474984	4.136680	-4.870075	-4.611741	6.332509	-1.054953	3.684121	1.193153	3.735895	4.314503	-5.390847	2.618310	-0.345714	-1.106366	5.948156	1.138617	3.773766	2.446035
5601	3	6.337898	4.140954	2.288494	-9.474591	3.743214	-0.115772	-0.126711	6.337877	1.592761	1.100152	6.337898	4.140954	-1.380201	-8.184616	9.374529	0.200544	0.632210	6.338016	1.923965	1.269138	6.337898	4.140954	-4.195699	-7.540256	6.963166	3.549781	2.317569	6.088434	3.166626	4.270461
5682	3	4.815622	3.961740	-6.918647	-7.907220	4.331926	6.942753	-0.692494	2.072300	4.108301	4.286309	4.815622	3.961740	3.866689	1.954109	-4.655019	-3.576048	5.633130	-2.102841	4.106757	2.997519	4.815622	3.961740	-6.913801	1.681223	0.292929	0.916508	5.606162	0.304403	4.108274	4.116255
5693	3	6.174406	3.866757	0.276496	4.385803	-0.962197	-1.529652	7.047566	1.401661	3.260234	2.400945	6.174406	3.866757	-1.801538	4.254618	0.729341	-0.921353	7.014215	1.353220	3.302862	2.467125	6.174406	3.866757	-9.619363	-4.155409	3.887569	7.232567	3.413205	0.477740	3.990041	3.590685
5717	3	4.018091	3.013165	-7.721432	-6.755839	3.847125	9.268711	-2.759290	4.343582	1.814128	3.646343	4.018091	3.013165	0.062544	-3.016767	-2.680462	0.642037	0.810287	0.003819	1.725805	3.559933	4.018091	3.013165	0.722929	0.955939	-7.340181	-1.522966	0.772136	0.705295	0.118644	2.229289
5738	3	4.075580	3.624748	-3.733044	-9.568022	5.856975	11.201704	-0.066982	3.117783	4.687792	4.119952	4.075580	3.624748	4.799874	-5.423942	-0.586480	0.650742	5.696083	0.027669	4.687792	4.119938	4.075580	3.624748	6.057771	0.831815	-1.279588	-5.695164	5.695096	-0.737996	4.598617	2.416825
5933	3	3.400014	1.276409	1.704012	-5.106251	4.227279	-1.220948	-7.245455	2.273997	1.853940	1.634982	3.400014	1.276409	6.131760	-2.287156	-1.303093	-4.860453	-1.387676	-0.337944	1.853935	1.634875	3.400014	1.276409	-2.783299	-11.594836	6.642627	2.462436	-7.778834	2.238320	1.919845	2.898176
5971	3	4.563082	3.104299	-5.647196	-8.152041	7.018197	9.949194	-0.631883	4.181442	3.723386	1.576394	4.563082	3.104299	5.502108	2.640274	-4.195733	-7.163238	3.485083	-1.230435	2.671088	0.830558	4.563082	3.104299	4.457970	-1.395970	0.447006	0.304500	2.828406	1.752085	3.233062	1.062861
6034	3	4.090515	2.932727	-6.762072	-3.777949	2.696387	2.700729	3.032058	1.322699	3.184913	3.125600	4.090515	2.932727	0.829306	5.573499	-6.508857	-12.089939	5.197344	-1.504911	2.501216	1.974348	4.090515	2.932727	-3.465615	-0.549463	3.178508	-2.424240	2.332362	2.605712	2.724395	2.267100
6084	3	4.821489	3.584304	-9.646440	-3.954066	5.271804	6.751406	0.764432	4.178031	2.919646	2.885554	4.821489	3.584304	0.568932	5.066074	-3.302776	-6.073994	1.729448	0.759964	1.901628	-1.404863	4.821489	3.584304	-4.550052	2.907760	1.242104	0.088909	3.304752	2.405741	2.854561	2.470500
6118	3	5.559930	3.326720	-2.734682	-6.226916	0.292607	2.476830	4.380869	3.547766	3.982999	4.369467	5.559930	3.326720	1.411243	1.024266	-5.163395	-5.951515	4.247027	1.518373	3.788193	1.133902	5.559930	3.326720	1.396663	-2.532704	-1.983080	0.563889	4.351598	3.149889	3.930116	2.941991
6157	3	4.578415	3.291529	4.909275	4.696495	-6.498873	-12.628736	7.157199	-1.219431	3.754934	3.286503	4.578415	3.291529	4.904118	-2.903303	-0.184997	-1.512062	2.147691	-0.299283	3.754934	3.286728	4.578415	3.291529	-7.852911	-7.611079	5.042527	9.902849	2.030559	4.873121	3.755921	4.068573
6206	3	5.441732	3.987637	-5.262488	-4.626888	6.146549	4.444929	0.456053	1.101585	1.864330	3.914955	5.441732	3.987637	3.423919	1.107704	-4.393907	-15.954956	6.370560	-4.682601	1.492125	1.196172	5.441732	3.987637	3.422904	-3.102481	-0.229774	-9.357843	4.872246	-4.653775	1.492135	1.196229
6255	3	6.020794	1.313741	-6.753472	-5.604824	5.663907	11.239183	-0.416874	5.783191	2.638717	3.180313	6.020794	1.313741	4.520561	4.887679	-6.605023	-8.556706	4.455626	0.812980	1.883032	-1.775477	6.020794	1.313741	3.263228	-1.321484	-0.568830	1.067613	4.690953	3.596120	1.946351	2.142059
6258	3	3.340529	4.050207	-3.488157	-6.637913	5.129738	10.623411	0.456574	7.008456	3.815964	1.852880	3.340529	4.050207	-2.280160	3.019198	-0.291685	0.993994	6.532228	3.780187	3.619384	0.584294	3.340529	4.050207	0.411971	3.399364	-2.706679	-5.740491	6.511244	2.100365	3.492851	-0.335058
6278	3	5.346672	2.368254	1.976920	2.944618	-4.020679	-3.750217	-0.443415	-2.347073	2.502709	1.024680	5.346672	2.368254	-1.088585	-8.095289	5.933486	4.205487	-4.183967	3.466878	3.562954	1.803940	5.346672	2.368254	0.977158	-3.844117	0.801738	2.524623	1.476441	0.998815	3.544072	1.788066
6332	3	4.651416	3.812225	4.908268	5.851254	-0.428363	-11.036384	5.121452	-3.817734	3.691149	0.322165	4.651416	3.812225	-6.966117	-1.900206	2.828133	2.407090	5.004824	1.059846	3.954153	4.185866	4.651416	3.812225	-2.413135	2.144563	6.399511	0.067712	4.132743	1.448741	3.692963	1.063151
6334	3	4.548815	4.033987	0.431919	-3.523379	1.814753	0.021652	-0.402208	5.139088	1.609815	4.477659	4.548815	4.033987	-5.196889	-9.595565	1.817986	3.988203	-0.405564	5.150119	1.609815	5.120835	4.548815	4.033987	0.030618	-4.016431	2.561763	0.086105	-0.685727	6.318571	1.609815	4.594612
6357	3	4.743388	1.361242	-1.520362	2.835492	-0.385492	-7.136885	4.735962	-4.006462	4.170527	2.871365	4.743388	1.361242	-7.614711	-2.871532	2.892186	2.468791	1.320883	-2.825560	4.338551	4.113049	4.743388	1.361242	0.385496	4.076827	-2.730656	-10.965165	4.935776	-4.019733	4.170524	2.871345
6450	3	4.396141	2.344826	-8.592808	-9.841746	5.602678	7.569999	1.141532	5.797741	4.372141	3.564119	4.396141	2.344826	2.860962	2.668025	-2.700361	-14.123716	7.155811	0.142903	3.670713	1.912629	4.396141	2.344826	-4.506676	2.503912	0.288696	0.918492	3.037138	2.737316	4.359026	3.477856
6451	3	5.166429	3.822561	-1.045876	4.632048	-2.807197	1.250851	4.161023	5.285085	3.872985	4.198088	5.166429	3.822561	-1.258393	-0.102754	-0.912492	7.005403	4.158714	5.283066	3.880203	4.653650	5.166429	3.822561	4.388426	6.237773	-6.697443	-1.556535	4.049095	5.505733	3.618339	2.586349
6476	3	5.055191	3.240839	2.249414	-0.760020	2.115987	-2.460828	-4.695766	2.719144	3.884214	0.538677	5.055191	3.240839	-4.140058	-4.772249	6.572289	3.633757	-4.685025	2.872160	3.893212	4.005917	5.055191	3.240839	7.305194	5.254113	-4.073158	-7.524489	0.706923	-2.616398	3.635242	-1.118636
6480	3	5.613360	3.547655	-7.299512	-8.274646	7.348664	5.372677	1.097502	2.721559	3.841413	4.374962	5.613360	3.547655	4.769674	4.314359	-2.735083	-6.201332	0.765145	1.795413	2.504027	0.944880	5.613360	3.547655	-4.123739	-1.984807	7.524631	1.024328	0.700075	3.035051	3.737565	3.963764
6506	3	4.727337	2.482193	-8.405904	-6.315019	2.936088	10.900947	1.117418	2.751175	3.664612	0.682751	4.727337	2.482193	3.598740	4.500357	-6.563448	-5.095669	7.300772	-1.532449	3.530944	-4.745084	4.727337	2.482193	-2.212788	-5.684941	-2.399006	4.076798	7.300681	-1.565640	3.664554	0.665010
6539	3	6.508262	5.433590	0.642013	-1.881845	1.110212	-6.896278	7.747777	2.657539	4.984976	2.683846	6.508262	5.433590	0.857368	2.760385	-3.655377	-11.609987	7.858571	-0.757055	4.984976	2.683846	6.508262	5.433590	-7.080574	-4.654853	5.633718	1.197592	1.903842	3.700549	5.259276	3.804294
6677	3	6.276811	2.752363	-5.099568	-2.600959	6.625670	4.773923	1.850105	5.419615	3.474774	2.821678	6.276811	2.752363	-2.210174	0.963626	3.192513	0.623686	4.293771	5.643514	3.093756	2.382691	6.276811	2.752363	3.211975	5.909466	-0.763362	-8.404767	3.059711	0.226207	1.568590	1.238541
6720	3	6.004737	3.676639	-1.743007	4.289835	-4.276604	-1.227269	2.627861	0.890134	2.317401	3.179334	6.004737	3.676639	4.601481	1.270963	-3.272895	-4.656267	1.342898	0.900615	1.400922	1.518734	6.004737	3.676639	-8.022875	-5.772906	4.778082	9.937906	-2.820467	5.965153	2.879318	3.933924
6769	3	4.043860	2.056302	1.169815	2.113900	-0.398044	-3.090949	1.717881	6.096162	-0.195835	-0.745019	4.043860	2.056302	-2.550171	-6.825952	4.182069	4.196071	0.593388	4.458605	4.175552	3.891265	4.043860	2.056302	1.349400	-3.217059	4.379923	0.055123	-0.088115	6.601682	2.611527	2.054957
6868	3	4.953767	1.877441	-10.024696	-5.183523	5.186069	4.238379	2.232048	2.320100	4.572526	4.109906	4.953767	1.877441	-3.367175	3.939708	0.493784	-0.201630	6.843886	5.188519	3.104798	2.143733	4.953767	1.877441	2.408135	4.631757	-3.842888	-9.997682	7.108684	-0.008826	2.922030	1.903050
6937	3	4.939551	4.486508	2.702472	-2.165002	-2.610275	-6.403894	5.767669	4.618194	2.192465	0.201368	4.939551	4.486508	-2.576897	-10.438397	2.708562	4.391767	0.781599	6.681744	3.548428	4.283525	4.939551	4.486508	1.935809	-8.229178	1.306722	-5.791263	4.902978	6.832501	2.192465	0.201370
6998	3	5.291040	4.554416	2.861998	3.376772	-2.629660	-3.481911	6.325092	3.070722	1.923733	-0.196563	5.291040	4.554416	-4.978281	-6.086419	3.338900	7.966031	1.381832	4.607119	4.347245	4.462137	5.291040	4.554416	1.925758	-1.754776	0.330322	-1.142810	7.493634	4.933112	3.148957	0.551911
7120	3	4.684995	1.206672	-1.379302	-4.264065	1.723240	6.378060	0.612260	1.993319	3.580151	2.236200	4.684995	1.206672	1.369589	-3.842314	1.718048	2.080232	0.579044	2.563939	3.444869	2.186154	4.684995	1.206672	2.569220	2.373098	-3.526803	-7.234385	1.570105	-0.713607	1.929224	1.682453
7143	3	5.293616	5.002559	-5.432954	-9.357687	5.203269	5.401719	1.131756	7.031082	5.327954	4.312321	5.293616	5.002559	5.132435	-0.609955	-3.764948	-5.727722	2.496939	0.794736	1.922264	1.186248	5.293616	5.002559	6.050236	-4.358476	0.234908	0.953340	1.511026	3.032679	4.842673	3.518530
7273	3	5.425462	2.600109	2.071778	1.583002	-0.930509	-0.669397	-4.806460	1.337370	-0.466877	1.973671	5.425462	2.600109	-5.123513	-4.219440	7.108038	3.286131	0.681209	1.781830	4.003170	4.673453	5.425462	2.600109	-0.700443	0.197826	5.263631	0.395004	0.632355	2.637937	3.159849	3.526833
7282	3	3.950462	0.323241	0.841911	7.805730	-2.161846	-6.256971	5.624434	1.948229	2.846298	0.731895	3.950462	0.323241	-7.271997	-2.577451	2.935384	4.468143	2.985078	2.091062	4.185005	3.896105	3.950462	0.323241	-2.675360	7.102296	0.463789	-1.220041	4.663013	2.300781	3.142214	2.248689
7297	3	2.363597	3.694278	-12.013002	-6.202644	5.369040	2.883256	-2.946188	4.956675	1.601561	5.168265	2.363597	3.694278	-4.379833	5.244088	-1.742220	-3.241979	-0.313118	-0.819254	0.630014	2.756137	2.363597	3.694278	-6.762017	5.240738	0.491053	-3.090149	-0.352548	0.919404	0.637027	2.762119
7316	3	2.002047	3.914792	-2.266807	4.382671	0.016096	-7.468579	2.795055	1.283692	3.132080	-3.132593	2.002048	3.914792	-10.992337	-5.073925	4.650307	2.725808	-1.076238	1.000927	4.385618	2.415455	2.002048	3.914792	1.082409	5.425585	-1.317940	-11.231031	3.261801	-0.348739	3.132080	-3.132593
7345	3	5.338044	0.394615	-1.483728	2.811174	0.651504	4.269870	1.559780	6.318645	2.612605	1.512243	5.338044	0.394615	-7.016660	-2.433257	5.449511	6.407649	1.559759	6.842018	2.612605	1.512243	5.338044	0.394615	0.736962	8.252130	-3.475415	-4.144231	4.715984	1.681804	1.379993	-1.546385
7349	3	5.179039	3.423189	-8.336830	-7.109878	5.413164	7.373121	0.534868	3.415805	3.587400	5.773039	5.179039	3.423189	-1.900102	-1.127604	-0.957338	3.073432	5.189999	1.751999	3.586885	5.766621	5.179039	3.423189	-2.862062	1.866083	0.041823	0.082332	4.691268	2.772346	3.341991	4.117753
7353	3	3.339989	3.920335	-9.851745	-1.856657	5.804931	9.726275	-1.690586	4.888240	3.783733	2.681429	3.339989	3.920335	-0.413439	5.033340	-1.805084	-0.151267	2.642159	-0.394475	1.362617	0.398932	3.339989	3.920335	-7.907489	0.778169	2.191246	6.785911	1.050940	4.839427	3.783729	2.681417
7357	3	5.433829	4.169083	-11.484275	-4.633014	3.242444	3.344534	1.881974	5.591258	2.491496	5.129871	5.433829	4.169083	0.207191	1.848929	-1.995253	-5.867252	8.179310	3.564257	1.139940	1.232219	5.433829	4.169083	-5.302800	2.665283	0.455845	0.622437	4.072263	4.935323	1.937877	2.733825
7477	3	5.289782	4.707843	-0.621009	2.359571	-5.202002	0.434068	4.586157	2.386557	3.005959	3.395712	5.289782	4.707843	0.230066	-1.891288	-0.964633	2.910693	5.083056	1.210348	4.154077	3.844246	5.289782	4.707843	-6.215665	-8.113473	4.740714	8.962744	-1.150018	5.125435	4.223197	3.877773
7520	3	4.197180	4.172721	-5.651645	-9.891725	4.306632	5.217627	1.736900	6.221082	5.181274	2.832318	4.197180	4.172721	-1.127631	-2.665708	0.249132	1.965328	7.441327	5.202965	5.181271	2.832282	4.197180	4.172721	4.066369	-0.244966	-5.074755	-5.941747	7.452512	3.031118	4.854215	1.148318
7535	3	3.827235	1.679966	-1.148025	-3.414926	0.356527	3.826115	7.187915	2.937416	2.284629	2.561032	3.827235	1.679966	-6.319828	-3.542124	4.732807	9.286791	1.407077	4.434936	2.284643	2.561129	3.827235	1.679966	4.950152	3.414471	-7.310117	-9.043999	7.163405	-0.778436	2.248296	1.340782
7543	3	5.199646	2.023080	4.366432	5.749610	-5.967280	-12.991950	6.754102	-0.481831	3.927914	2.567643	5.199646	2.023080	-2.476379	-1.761764	6.584990	1.645306	3.680126	3.020633	4.185211	3.717735	5.199646	2.023080	-1.134396	5.191687	0.479251	-4.529568	6.262172	2.596735	3.976744	2.750625
7548	3	4.510450	4.919920	-11.534681	-7.465546	3.143971	8.408839	-0.194469	6.334565	3.698042	4.291867	4.510450	4.919920	-5.329566	2.170270	0.301662	2.596259	2.110419	5.327375	3.685877	4.103576	4.510450	4.919920	-2.933197	3.611226	-0.572723	0.447128	3.082041	4.978323	3.584178	3.683759
7630	3	2.248014	1.187673	-0.473232	0.391218	3.074076	-2.937755	-4.516374	6.390483	1.633051	-1.193175	2.248014	1.187673	-5.848006	-3.435795	8.877143	3.810474	-4.757447	6.558534	1.633157	0.950033	2.248014	1.187673	4.865083	6.536399	-1.334166	-3.183516	1.860512	4.739027	1.633051	-1.381927
7699	3	3.741869	2.663103	0.600146	-0.258953	1.708907	-4.314292	0.130616	1.258851	3.910220	3.850713	3.741869	2.663103	-4.436804	-4.630702	3.175063	1.994796	-1.405985	1.713016	3.910233	5.779737	3.741869	2.663103	6.450644	3.853276	-5.184021	-9.115878	0.932496	-2.215415	3.910019	2.501441
7716	3	4.947138	3.332622	-2.812835	-9.369193	4.875364	12.142485	2.875565	6.072682	4.162917	3.448035	4.947138	3.332622	3.851696	-2.911114	-1.240020	0.631305	3.686811	1.817333	3.952147	2.950087	4.947138	3.332622	4.359943	1.905241	-6.506248	-4.948531	5.502535	0.865821	3.603518	0.375091
7721	3	3.457639	3.520325	-7.549728	-2.898602	6.708873	1.028441	-0.791182	1.419184	2.627733	3.691650	3.457639	3.520325	-5.161135	2.447165	0.754148	-5.691188	3.258450	0.075412	2.622034	3.193537	3.457639	3.520325	1.463682	2.569788	-5.027444	-10.097478	4.399775	-5.171757	2.622034	3.193537
7729	3	4.331377	1.647847	-1.785542	-10.261416	1.133644	1.268863	-3.680974	5.485911	2.018246	5.544592	4.331377	1.647847	4.296303	-0.717721	-1.860942	-1.559987	1.305841	1.735261	1.959981	4.332638	4.331377	1.647847	-3.441070	-10.316683	1.370815	4.282600	-3.691491	6.089679	2.018543	5.648485
7840	3	5.764318	3.532244	5.773875	5.316185	1.407502	-4.291562	3.217925	3.677661	3.449786	2.399382	5.764318	3.532244	-3.896397	3.045802	4.860529	-0.487284	4.160579	4.551395	4.266254	4.949900	5.764318	3.532244	-4.027098	-3.265804	5.662976	5.617508	4.162412	4.550884	4.269070	5.110814
7841	3	3.264655	2.051722	-2.033064	-4.173064	0.856475	2.580973	6.142712	0.906813	5.782040	4.475634	3.264655	2.051722	4.538045	2.961354	-5.544080	-4.499187	6.995037	-1.825378	5.750531	3.200833	3.264655	2.051722	-0.779361	2.762146	-2.115449	-0.048672	6.976136	-1.824989	5.755542	3.250853
7905	3	6.542952	5.635005	4.739239	1.491444	-4.300543	-16.466072	7.785421	-3.771694	4.535797	1.761907	6.542952	5.635005	4.344375	-2.478278	0.680712	-10.081904	7.551048	-0.424457	4.535797	1.761907	6.542952	5.635005	-6.290124	-4.477594	5.179730	-1.343947	2.923728	2.005612	4.543763	1.772614
7929	3	2.602113	1.263625	-3.737260	-4.940692	6.316170	4.157965	4.138912	5.030348	4.554823	3.324872	2.602113	1.263625	-1.590946	-0.740840	2.405424	2.903161	6.044584	5.040391	4.549968	3.301822	2.602113	1.263625	7.220271	5.507166	-1.855070	-8.255763	8.023550	1.667347	3.477617	-0.047077
7962	3	5.409008	3.131967	1.204719	2.452674	-1.703874	-13.640075	4.779294	0.924480	-1.623329	-3.322949	5.409008	3.131967	-1.827971	-1.162585	6.192543	-0.706673	2.094829	6.942718	0.688907	1.467184	5.409008	3.131967	-7.250699	-6.502307	7.352798	4.917590	2.248890	6.941099	0.978930	1.911063
7981	3	3.534122	0.426478	6.131647	6.625488	-0.673933	-13.007516	6.031898	2.569435	3.832312	-0.333081	3.534122	0.426478	0.722442	-2.022705	3.587446	-0.094166	0.100575	6.309086	3.848311	2.513225	3.534122	0.426478	-4.534324	-3.064544	5.501508	2.831867	0.017216	5.948270	3.983961	3.817879
8033	3	3.581037	4.031177	-3.084748	-10.965727	3.543996	7.397944	-0.072285	0.853790	4.218467	3.817744	3.581037	4.031177	7.528834	0.004847	-1.635015	-2.223160	5.304292	-3.121773	4.022955	3.334722	3.581037	4.031177	1.441257	-4.769167	0.591439	4.586258	5.093332	-2.740160	4.218448	3.817646
8078	3	5.807699	0.536825	-6.064858	-7.788696	7.363946	5.210981	-1.113285	6.063178	2.643199	3.493284	5.807699	0.536825	2.379750	-1.613181	1.290246	-3.066127	4.471058	5.689384	2.252743	-0.592373	5.807699	0.536825	2.988166	4.445155	-0.926193	-7.862563	4.906214	2.799388	2.243805	-0.601578
8212	3	5.089059	2.264027	-1.231446	4.863407	-0.127042	-8.868757	5.849593	5.212490	2.678252	-0.291546	5.089059	2.264027	4.372825	4.883948	-5.793410	-14.906830	5.859581	-0.646265	2.678252	-0.291546	5.089059	2.264027	-2.717915	-3.062561	4.583986	5.976333	-0.513908	5.494952	2.750797	2.151391
8220	3	6.223786	4.092926	-5.555151	-10.161627	4.127096	5.309803	2.247976	1.781465	4.738663	3.188374	6.223786	4.092926	4.984631	-0.603295	-2.334556	-3.156946	4.281141	-3.616638	4.377233	2.111178	6.223786	4.092926	-2.266274	-8.129327	4.493638	0.468294	1.909963	1.790439	4.651879	2.827943
8248	3	6.306863	3.385139	4.100973	5.198089	-3.562975	-13.874232	5.414800	-3.645889	4.421579	0.237053	6.306863	3.385139	-5.329344	-4.607276	2.926907	2.651315	3.874272	1.715299	4.487488	5.075701	6.306863	3.385139	-1.196904	-0.761970	2.241824	-1.308723	4.169554	1.715257	4.487488	4.014391
8277	3	3.781536	2.454105	-3.849899	-7.276409	3.041119	8.458754	1.831546	4.322576	3.041319	3.733945	3.781536	2.454105	6.386918	5.264454	-3.447026	-5.711021	7.596480	-1.917789	2.773195	-0.196992	3.781536	2.454105	6.379448	-0.639804	-2.613188	0.132678	7.616876	-1.891496	2.816026	2.493784
8279	3	5.478641	1.977126	-4.340829	-7.385708	5.456000	5.742115	-0.226112	6.256677	4.124533	4.812791	5.478641	1.977126	3.316311	-3.589826	1.311159	-0.434367	6.070450	5.745701	4.081853	3.871815	5.478641	1.977126	7.144773	3.581226	-1.931086	-7.555705	6.221950	4.148011	3.822364	2.783012
8281	3	1.120052	1.749140	-9.689850	-4.317728	6.318181	10.534169	-0.767443	3.095128	4.280266	2.611382	1.120052	1.749140	1.448639	6.138609	-4.968686	-12.635743	5.140647	-0.827269	2.014750	-3.656725	1.120052	1.749140	-3.556590	4.824027	0.625940	0.221806	4.288323	1.840427	3.363372	-0.573199
8460	3	5.744780	4.461364	-8.301565	-6.313841	1.124609	7.745416	2.579992	7.115309	3.850605	4.466447	5.744780	4.461364	3.839186	4.520055	-7.973359	-4.152477	5.930103	2.062158	3.397048	1.477148	5.744780	4.461364	-1.946946	-0.971795	-4.164451	2.793224	6.157974	1.659154	3.850581	4.462701
8514	3	5.397790	4.033540	-2.316435	-1.604314	1.938371	-5.797101	2.940198	1.577865	3.757364	0.556502	5.397790	4.033540	3.799512	4.581945	-4.405106	-12.327245	6.077298	-3.446816	3.757364	0.556502	5.397790	4.033540	-7.577255	-6.817977	7.242368	2.881591	1.260898	-1.290926	5.171430	2.849390
8553	3	4.741024	4.018271	-8.166202	-8.436298	4.005774	5.300337	3.420104	4.424169	4.464313	4.102479	4.741024	4.018271	2.897731	1.875545	-5.979630	-11.884180	6.064497	2.615379	3.616658	1.420832	4.741024	4.018271	2.868248	-2.257998	-0.288919	-10.923341	5.710806	2.623878	3.616658	1.420834
8555	3	6.295549	4.303709	-7.937404	-10.658280	4.573633	4.819132	0.315917	6.616876	4.586846	5.286116	6.295549	4.303709	-3.173945	1.955209	1.309055	-5.235685	5.749834	6.109001	4.586832	3.724153	6.295549	4.303709	1.687878	2.146641	-1.395082	-8.636189	6.666180	4.658819	4.586824	3.496413
8562	3	3.925368	3.256649	-3.059398	-3.832903	4.006363	1.352770	0.319390	-0.855073	7.691992	4.626572	3.925368	3.256649	-1.764609	1.153692	2.293927	-0.202574	1.439795	-0.896006	7.560646	3.400523	3.925368	3.256649	3.722838	6.909671	-3.939703	-2.617820	2.758081	-3.359608	5.065438	2.222765
8677	3	4.981262	6.397182	-1.796217	2.624502	1.015775	-4.642530	0.197383	7.353926	3.391819	2.376984	4.981262	6.397182	-3.969724	-1.239800	7.600367	-0.596544	-2.632385	7.502851	3.396254	2.408220	4.981262	6.397182	0.419265	2.945450	-1.738509	-5.552672	0.474075	5.102347	3.391818	2.376978
8722	3	5.860206	4.026307	-8.482600	-4.049440	5.280335	6.479780	-4.422991	5.002942	1.647973	3.612694	5.860206	4.026307	-2.070449	5.509379	-0.600253	0.516835	1.053728	4.998009	1.554352	3.505641	5.860206	4.026307	-0.273348	4.110160	-4.013379	-1.899930	-0.935551	0.907938	0.053684	0.443413
8749	3	4.496747	3.580980	-2.550849	-4.036159	6.628607	-10.512732	1.058966	-0.522047	3.678164	3.675544	4.496747	3.580980	-0.324376	-4.031412	3.591986	-10.612293	1.298016	-0.523925	3.678164	3.675544	4.496747	3.580980	1.487040	2.557525	-1.261855	-13.238682	6.499176	-5.433398	3.678164	3.675544
8799	3	5.159025	3.565567	-6.960328	-6.256704	6.534111	7.341672	0.077080	4.822786	3.622652	2.844748	5.159025	3.565567	3.345440	5.999590	-1.330194	-8.245427	4.696099	0.420396	1.842234	-1.519213	5.159025	3.565567	-1.464997	5.489111	1.411196	-2.439723	4.094888	6.131602	1.842234	-1.516217
8882	3	5.966411	3.980619	-5.109608	-1.104588	-1.174907	2.629511	8.577705	4.349274	3.080820	1.936406	5.966411	3.980619	-10.625920	-4.963803	5.019614	5.243354	3.643376	7.042285	3.082201	1.938138	5.966411	3.980619	0.720812	3.364432	-6.771432	-2.974938	9.073559	1.031845	2.863099	-0.412554
8937	3	5.300609	3.671296	6.262446	3.679326	-0.878812	-6.118636	3.834120	-6.114387	3.737395	0.349238	5.300609	3.671296	-1.016311	-7.935481	6.542151	5.531681	-1.375565	-3.130059	3.840908	3.006913	5.300609	3.671296	4.084927	-1.988079	3.593232	-4.342128	-1.635537	-3.037086	3.737461	0.350138
8949	3	1.856432	1.307460	-4.400479	-5.611228	6.075178	7.484719	2.882938	0.867093	4.522177	3.830895	1.856432	1.307460	4.466179	5.316519	-1.542688	-10.597157	8.786524	-0.983759	3.788497	2.990456	1.856432	1.307460	-1.899210	0.554562	2.485901	-1.863915	4.630498	2.250491	3.828359	3.024243
8969	3	5.880473	3.381736	-2.952985	4.656294	-0.925178	3.040933	1.109003	5.066428	2.648538	2.164726	5.880473	3.381736	3.487800	7.238743	-5.224386	-3.255219	1.216011	0.105598	1.917311	1.431394	5.880473	3.381736	-7.545297	-1.771346	5.575123	9.481457	-3.763182	5.815793	2.648538	2.164726
8970	3	5.975864	3.150374	-1.278919	2.448447	-4.673079	-6.571666	7.659461	-0.094725	0.836937	-2.470380	5.975864	3.150374	-7.382191	-3.227278	0.268420	7.047995	7.515078	4.572314	1.143727	1.184333	5.975864	3.150374	-6.262890	-2.414812	-3.370638	2.229382	7.692515	0.259228	1.127925	1.060865
9062	3	5.676132	-0.280399	-1.076517	-5.322407	2.313855	3.977506	4.780449	3.662305	3.539588	2.944338	5.676132	-0.280399	4.487874	-5.428067	2.945974	0.372425	4.483330	4.145545	3.132764	2.675963	5.676132	-0.280399	5.851956	3.363426	-2.395457	-5.561451	5.450280	1.183860	1.133336	-0.573757
9132	3	2.937356	3.035813	4.493431	5.499503	0.184202	-5.150956	2.683595	2.854225	3.722420	-0.599211	2.937356	3.035813	-3.385152	-0.550549	8.196841	1.386220	2.698972	2.868705	3.781111	1.852498	2.937356	3.035813	-3.638613	-3.641296	8.358984	7.220322	2.776352	2.779630	3.961672	2.275570
9146	3	3.758764	3.289247	6.409958	2.746972	-2.447778	-6.630708	3.430487	-1.598879	3.644149	1.752639	3.758764	3.289247	-3.742238	-8.084354	4.913537	4.331540	1.933525	2.714141	4.456715	3.452247	3.758764	3.289247	2.760920	-3.859859	2.980203	-1.346708	1.936976	2.662649	4.451594	3.384699
9152	3	6.034627	4.400409	4.240802	6.685048	-4.383698	-8.112895	6.317961	-5.301279	2.786609	1.142680	6.034627	4.400409	0.263059	0.120434	3.380733	-3.232816	1.284249	1.159005	2.797578	1.402029	6.034627	4.400409	-5.433770	-1.857166	6.151076	3.980101	0.656353	1.099771	2.866722	2.293502
9167	3	5.286934	2.931716	-2.903685	-2.686702	2.480349	9.227321	-0.534557	3.279431	4.608820	3.606613	5.286934	2.931716	-1.324439	4.792098	-1.705353	2.324508	1.418465	3.122051	4.608491	3.565661	5.286934	2.931716	4.286083	6.152194	-8.419169	-3.772638	1.699079	-0.444910	4.606831	3.399689
9178	3	4.561534	3.784608	4.381808	0.833962	-2.878474	-2.045814	3.510272	-2.581234	1.324021	4.000753	4.561534	3.784608	3.343313	-3.736636	0.660680	-0.309900	3.450966	1.897270	1.324022	4.119755	4.561534	3.784608	-4.738173	-10.586116	6.807897	5.486822	-2.652923	2.875294	1.324024	4.295410
9195	3	5.766166	3.476513	0.751300	2.462796	2.078384	-7.114013	3.844744	5.504823	1.656246	0.965335	5.766166	3.476513	2.014678	6.043772	-0.580109	-11.783184	6.087006	-0.326475	1.656246	0.965335	5.766166	3.476513	-4.828922	-4.040684	5.548219	8.239750	0.213402	5.255095	2.926996	2.535813
9275	3	6.072864	2.711614	-3.700090	-4.979819	4.722892	2.923405	1.268117	1.969315	3.666371	4.198236	6.072864	2.711614	0.637588	2.576258	-1.933684	-2.712644	2.351011	-1.092382	-0.904363	1.024065	6.072864	2.711614	1.485958	-0.623379	3.447926	0.387820	0.746403	2.292277	3.111466	3.514444
9287	3	3.600879	4.490813	3.483481	-3.829819	-0.029178	-1.106625	8.472642	1.984352	4.952398	4.138881	3.600879	4.490813	-5.328205	-6.040109	3.355246	5.044716	6.832120	3.207587	4.954386	4.714394	3.600879	4.490813	3.512988	1.293269	-3.222886	-5.401267	8.841982	-0.274906	4.952390	4.137596
9324	3	5.052016	2.738475	-0.753864	3.310934	-0.071185	0.826722	2.055843	7.448757	1.313517	3.344197	5.052016	2.738475	-6.476446	-6.674631	4.508777	6.943351	-3.989974	8.086205	1.367725	3.686557	5.052016	2.738475	-1.395955	-0.221507	-0.240865	3.846870	2.178381	7.442376	1.367701	3.686405
9404	3	5.760463	3.453294	2.691141	-1.504995	1.063996	-0.925938	4.353232	1.102396	3.584671	1.387384	5.760463	3.453294	3.436945	1.811974	-5.516375	-3.004894	4.371079	-2.475657	3.467016	-1.640051	5.760463	3.453294	-3.231055	-3.465221	4.421624	5.300564	-1.644594	0.088636	5.441435	2.819765
9408	3	5.154855	2.758268	-4.052906	-1.926679	6.968492	0.296840	-0.386108	6.499202	0.051712	1.747339	5.154855	2.758268	-7.816430	-5.504664	3.455858	3.104112	1.517292	3.812918	2.827397	3.685870	5.154855	2.758268	1.694107	3.755339	-4.669256	-5.780750	2.512352	1.104137	-2.076601	-1.846424
9422	3	5.596325	3.642297	3.317476	3.542867	-0.684902	-15.034887	6.461770	-1.520105	3.121724	2.887945	5.596325	3.642297	-6.897493	-4.212530	6.725246	3.661267	0.709359	3.446132	4.363607	4.417487	5.596325	3.642297	2.447774	-1.898857	1.578345	-0.910647	0.891330	4.202491	3.284929	3.076357
9493	3	3.077514	2.365224	-4.837388	-5.662756	7.208776	4.357052	-7.918531	5.255116	1.422883	2.396348	3.077514	2.365224	3.063645	-0.167976	-3.891930	-6.362888	-3.129869	-0.038582	-2.064739	-0.907354	3.077514	2.365224	-2.650840	-1.167851	2.635534	0.278056	-6.270612	5.102289	1.010219	2.190516
9552	3	5.297856	3.669771	2.807852	1.095487	-4.002032	-13.896183	0.472433	-3.146767	4.356965	2.867991	5.297856	3.669771	-4.184923	-5.759058	1.232418	2.571237	-4.514333	2.885730	4.467373	4.096418	5.297856	3.669771	-1.625234	-0.153237	0.493058	-1.844242	-4.542136	1.519375	4.393657	3.121154
9569	3	3.100205	-0.159331	0.943410	3.310351	-1.335250	-7.165861	1.567718	-2.450732	0.327278	-4.629606	3.100205	-0.159331	-8.787017	-6.470300	7.095158	6.552099	-1.376320	4.129195	0.327511	1.043314	3.100205	-0.159331	-3.267997	3.294753	0.582862	-3.144519	1.242409	-0.373471	0.327278	-3.890357
9589	3	5.099069	3.641116	-2.738435	-5.815961	4.955657	-0.751705	-2.131120	6.777039	3.544744	2.746753	5.099069	3.641116	3.110329	0.639626	-2.988646	-6.112529	2.669522	5.104239	3.299427	2.412778	5.099069	3.641116	-8.382206	-10.044985	3.055667	3.359972	-0.606178	6.409276	3.964979	4.707701
9593	3	5.196012	3.621133	-0.071559	-1.558475	0.766189	7.371315	0.601434	2.931238	3.639006	4.489482	5.196012	3.621133	-3.016706	-5.655928	2.477282	8.178822	-2.053502	3.407404	3.639006	4.489482	5.196012	3.621133	1.846804	0.065668	-2.801926	-1.695895	2.491687	0.923583	3.608779	4.358420
9620	3	5.431494	3.708329	-1.362562	7.147667	-2.258372	-5.138183	3.840969	-0.750970	1.615951	0.034143	5.431494	3.708329	-6.178989	-3.076766	5.337301	7.890961	-0.073229	4.690709	3.581174	3.120110	5.431494	3.708329	-2.711734	4.125294	0.901048	0.258193	4.069764	2.865865	2.278780	1.469588
9669	3	5.060793	2.847099	-1.798684	-5.990962	6.834585	3.157505	-0.311383	4.739528	2.569741	3.017159	5.060793	2.847099	5.006736	-5.010135	0.895845	2.294864	3.178839	3.285391	2.552753	2.988286	5.060793	2.847099	7.730892	2.964300	-3.745361	-2.317393	2.592261	-0.902741	2.365182	2.413533
9675	3	4.722169	4.603132	2.058872	-0.926600	-6.274504	-0.610752	1.315913	1.923230	1.946451	0.657311	4.722169	4.603132	1.996869	-1.112409	-6.392060	-0.575268	1.055690	1.958752	1.218374	0.421131	4.722169	4.603132	1.843042	-1.216752	-5.925205	-0.248468	0.824539	1.980794	1.761477	0.766676
9705	3	5.562164	2.514605	-9.052708	-6.418496	2.633137	5.023952	-3.501295	7.257228	2.006465	4.706797	5.562164	2.514605	-2.816680	2.287511	-1.555697	-1.729756	1.019586	7.248863	1.997855	4.356070	5.562164	2.514605	3.217270	2.645905	-7.940352	-6.209339	1.022096	1.534827	1.997308	4.344537
9709	3	5.896653	2.233027	4.447896	-5.382535	1.067710	1.512594	3.587080	4.100538	2.913748	2.387711	5.896653	2.233027	-1.934297	-11.049053	3.143290	6.372841	2.342375	4.885275	2.913749	2.391076	5.896653	2.233027	6.172820	0.852212	-1.997780	-7.132556	4.491211	2.061451	2.913569	1.243498
9773	3	5.216643	3.571100	5.477084	4.443393	-5.068289	-17.996911	8.351458	0.077085	3.378904	0.288660	5.216643	3.571100	-6.099945	-4.821923	4.617146	2.522370	2.696861	6.106075	3.703125	4.278816	5.216643	3.571100	-1.055090	2.768786	1.923913	-1.587770	2.700351	5.892460	3.383552	0.320144
9846	3	4.388801	3.248291	4.079342	3.209860	-2.756252	-7.008120	6.572830	-4.698587	5.617011	1.938529	4.388801	3.248291	-2.947512	-7.589043	3.989733	4.313309	1.493691	1.447085	5.782340	8.157093	4.388801	3.248291	2.626475	-1.116538	2.130809	-2.625787	1.493692	1.072424	5.781475	3.502725
9935	3	5.976394	4.406319	0.489056	-1.972645	3.055938	-4.750447	3.552607	4.485867	4.637701	3.530930	5.976394	4.406319	5.401578	3.667352	-5.227619	-16.968725	5.832880	-1.472568	4.637416	3.526574	5.976394	4.406319	-5.283413	-8.721942	4.301612	4.045872	2.586060	4.440039	4.711782	5.137937
9956	3	4.267870	2.119560	5.457452	5.333328	-4.839117	-8.253927	6.506220	-2.885018	3.571144	-0.423479	4.267870	2.119560	-5.084914	-4.665948	6.983257	2.928692	0.551512	0.570046	5.888573	4.013997	4.267870	2.119560	-0.550214	0.120425	5.820938	0.206625	0.504456	1.956860	3.752223	2.841159
9972	3	2.740598	0.971458	-2.997187	-6.878733	5.564044	4.363703	-0.042097	5.028198	2.479692	2.395935	2.740598	0.971458	7.035733	-4.413552	1.365869	1.255415	4.954129	4.031358	2.277211	1.968053	2.740598	0.971458	9.020897	2.357073	-3.850694	-11.337030	6.215403	-1.432629	2.231811	-0.858650
