178	4	0.19372	-3.6271	-5.4376	-2.2421	-6.8213	-15.054	-0.24739	-12.42	-3.139	-2.9377	0.19372	-3.6271	-15.844	-13.517	1.4684	-3.3773	-4.5899	-6.5886	-2.9793	-1.4968	0.19372	-3.6271	-10.07	-7.995	-3.6437	-5.0059	-1.8186	-12.481	-2.9799	-1.5079	0.19372	-3.6271	-10.111	-4.0514	-1.1388	-8.1276	-4.273	-6.977	-3.0929	-2.6719
1267	4	-4.738	-3.3052	-11.733	-16.772	-3.3984	-6.4281	-6.7451	-4.9406	-6.2226	1.3591	-4.738	-3.3052	-2.9266	-7.2385	-10.77	-13.737	-1.8122	-5.4789	-7.4106	-0.57212	-4.738	-3.3052	-2.9843	-7.2296	-10.918	-14.609	-1.641	-5.6079	-7.8315	-0.72001	-4.738	-3.3052	-3.4376	-7.2189	-10.036	-14.422	-1.878	-4.9655	-8.4536	-0.79785
1495	4	-5.4229	-6.1509	-0.1149	-4.1629	-12.378	-10.474	-7.0553	-4.9485	-4.8459	-2.8206	-5.4229	-6.1509	-2.3401	-8.5755	-12.519	-1.3688	-5.26	-5.0718	-1.681	-0.97386	-5.4229	-6.1509	-0.058073	-4.1773	-12.781	-10.42	-7.0553	-4.9485	-4.6175	-2.5029	-5.4229	-6.1509	-0.21985	-4.1967	-12.631	-10.189	-7.0553	-4.9484	-4.7182	-2.1537
3265	4	-4.4709	0.091199	-11.142	-6.885	-4.9426	-10.127	-2.9548	-4.3398	0.13985	-4.8236	-4.4709	0.091199	-7.6059	-7.173	-6.5158	-10.812	-0.033995	-5.5411	0.44736	-4.8183	-4.4709	0.091199	-6.222	-7.9036	-9.2531	-10.374	0.20609	-5.1267	-0.98113	-5.1574	-4.4709	0.091199	-6.1396	-7.4119	-9.0891	-11.225	-0.022711	-4.1469	-0.90867	-5.318
4363	4	-1.7669	-6.3103	-4.6076	-9.4672	-5.2761	-4.3553	-2.8563	0.75178	-1.8689	0.70971	-1.7669	-6.3103	-3.9107	-3.1484	-5.6722	-8.3526	-2.8021	0.37303	-1.9008	0.23218	-1.7669	-6.3103	-3.8534	-2.9931	-5.3824	-8.361	-2.7613	0.37005	-1.915	0.082509	-1.7669	-6.3103	-3.8782	-3.0826	-5.4697	-8.3494	-2.7848	0.41503	-1.9094	0.15397
4496	4	-0.93999	-1.707	-6.958	-2.4205	-10.942	-5.1124	-0.59462	-14.03	-4.8116	-3.089	-0.93999	-1.707	-11.943	-13.528	-4.7097	-1.1095	-4.336	-7.7799	-4.8102	-3.0815	-0.93999	-1.707	-3.8105	-3.2161	-12.858	-9.6892	-2.5976	-13.017	-6.1859	-6.732	-0.93999	-1.707	-8.9769	-7.7188	-8.0411	-3.0167	-1.5034	-10.328	-4.8102	-3.0815
5164	4	2.0095	-3.4605	-5.2546	-12.707	-4.9763	-20.19	-1.4168	-4.7622	-6.6215	-8.9797	2.0095	-3.4605	-5.3219	-12.984	-4.866	-19.386	-1.4689	-4.3925	-6.6215	-8.9797	2.0095	-3.4605	-6.8056	-15.654	-3.8133	-10.84	-2.118	-1.3979	-4.8271	-5.3325	2.0095	-3.4605	-5.3642	-13.162	-4.7911	-18.768	-1.5021	-4.1655	-6.6215	-8.9797
5269	4	-1.4052	-5.435	-1.7375	-1.2835	-6.4064	-14.417	-6.876	-4.2598	-6.2703	-6.6241	-1.4052	-5.435	-5.3199	-9.5013	-0.96784	-8.8887	-5.8398	-0.98225	-3.2991	-5.4012	-1.4052	-5.435	-12.688	-11.75	3.913	-3.0807	-5.8662	-1.206	-2.5898	-5.1636	-1.4052	-5.435	-9.6908	-11.704	-1.1419	-3.54	-5.8264	-1.6845	-2.5939	-5.1655
5343	4	-4.7822	-6.6182	-2.4578	-3.0295	-11.695	-21.393	0.29082	-6.2911	-4.2657	-7.8083	-4.7822	-6.6182	-6.8547	-10.757	-3.411	-12.121	-5.2852	0.23037	-4.0919	-7.3811	-4.7822	-6.6182	-6.8124	-9.8801	-3.7272	-12.818	-5.2873	0.21952	-4.2043	-7.7106	-4.7822	-6.6182	-6.9957	-10.346	-3.2328	-12.196	-5.4235	0.24241	-4.166	-7.5138
6010	4	-0.91278	-2.4343	-5.8948	-11.718	-4.4518	-9.3499	-4.2896	-6.5478	-7.9576	-2.0552	-0.91278	-2.4343	-5.9364	-11.733	-4.2607	-8.8843	-4.2932	-6.2997	-7.5849	-1.8812	-0.91278	-2.4343	-6.6245	-11.73	-4.0838	-8.2714	-4.2894	-6.4581	-8.1343	-1.7857	-0.91278	-2.4343	-6.5887	-11.74	-3.9961	-8.1557	-4.2925	-6.2771	-7.6855	-1.6305
6109	4	-2.3478	-6.3848	-11.812	-12.204	1.3171	-0.40539	-8.4664	1.249	-3.2945	-4.4048	-2.3478	-6.3848	-2.0109	-4.8402	-6.7006	-10.86	-4.1791	-1.0996	-3.809	-4.8071	-2.3478	-6.3848	-2.0038	-4.8045	-6.67	-11.419	-4.0503	-1.1127	-3.8334	-5.3685	-2.3478	-6.3848	-1.8547	-4.7079	-6.7744	-12.687	-3.2849	-1.1507	-3.6469	-5.6143
6137	4	-2.1177	-5.6093	-0.81791	-1.3885	-7.91	-16.588	-5.0072	-11.038	-3.2781	-2.6042	-2.1177	-5.6093	-12.257	-12.45	1.1285	-4.0258	-10.736	-5.9307	-3.2457	-1.5752	-2.1177	-5.6093	-3.5896	-12.258	-4.318	-7.9063	-5.2419	-6.5646	-3.2457	-1.5752	-2.1177	-5.6093	-6.522	-12.449	-4.3164	-5.1145	-5.2426	-6.5614	-3.2457	-1.5752
6440	4	-2.3138	-1.421	-13.332	-16.631	0.09	-1.97	-9.7826	-3.0099	-1.6702	-1.8453	-2.3138	-1.421	-11.969	-5.8973	-5.0006	-6.6946	-5.1511	-5.891	-2.1107	-4.9011	-2.3138	-1.421	-10.893	-4.9427	-5.381	-6.9295	-4.4084	-7.2466	-2.0605	-5.316	-2.3138	-1.421	-11.678	-5.6472	-5.0207	-6.7054	-4.8558	-6.2386	-1.9889	-4.8167
6459	4	1.2374	-4.7808	-1.2797	-5.3056	-3.2334	-9.8369	-13.255	-8.9178	-0.84059	-5.9381	1.2374	-4.7808	-7.6525	-9.2609	1.4387	-4.1011	-13.326	-8.8982	-0.84059	-5.9381	1.2374	-4.7808	2.0901	-1.6092	-9.2017	-13.531	-6.9659	-15.393	-0.90137	-6.8651	1.2374	-4.7808	2.0755	-1.8468	-9.1709	-13.256	-7.2149	-15.223	-0.89218	-6.6396
6759	4	-3.0676	-1.7084	2.5393	0.27782	-10.671	-16.605	0.067209	-9.053	-4.6964	-6.837	-3.0676	-1.7084	-3.7535	-1.8537	-5.1826	-7.5183	-4.1926	-5.5259	-3.8948	-5.1538	-3.0676	-1.7084	-3.5674	-2.309	-4.9416	-8.0574	-4.2111	-5.7661	-3.9214	-5.4594	-3.0676	-1.7084	-3.5996	-3.1359	-3.7529	-7.6948	-4.2379	-5.6765	-3.9989	-5.7521
7704	4	-0.59724	-1.8241	-16.349	-14.797	-7.0987	-7.3456	-1.8561	-0.42346	-4.9736	-3.0276	-0.59724	-1.8241	-10.443	-6.515	-9.3508	-13.403	-1.5785	-3.9484	-7.3548	-5.978	-0.59724	-1.8241	-10.416	-6.468	-9.3985	-13.747	-1.4353	-4.2525	-7.3549	-6.2016	-0.59724	-1.8241	-10.421	-6.4879	-10.018	-13.44	-1.4728	-4.0645	-7.3543	-5.8679
7821	4	-0.1272	-0.5042	-13.418	-12.888	-0.9768	-2.2036	-7.902	-0.046308	-3.5254	-4.222	-0.1272	-0.5042	-5.9823	-2.6544	-13.005	-17.876	-3.1512	-3.6133	-4.8566	-6.0666	-0.1272	-0.5042	-8.6104	-4.6081	-7.6097	-10.955	-2.6166	-1.443	-4.113	-5.2133	-0.1272	-0.5042	-9.806	-4.6987	-7.6146	-11.104	-3.1366	-1.3817	-4.7857	-5.8617
8207	4	-2.5917	-5.7419	-13.39	-9.6801	0.75347	-3.4542	-8.088	-1.2682	-2.4022	-5.2401	-2.5917	-5.7419	-6.4933	-5.5596	-7.1274	-16.617	-6.9746	-4.2749	-5.5139	-7.1877	-2.5917	-5.7419	-6.6217	-5.6087	-7.1372	-16.753	-6.9744	-4.8907	-5.7712	-7.3467	-2.5917	-5.7419	-6.6791	-5.6088	-6.8937	-16.25	-6.9748	-3.7169	-5.6677	-7.2434
8436	4	-0.92597	-2.3782	-7.8323	-12.548	-7.8197	-14.316	-1.4745	-8.2612	-4.1983	-4.7463	-0.92597	-2.3782	-11.975	-15.816	-2.8099	-6.7011	-2.6445	-2.2972	-3.6559	-4.3925	-0.92597	-2.3782	-11.998	-15.745	-2.8605	-6.7138	-2.5994	-2.3451	-3.4544	-4.2857	-0.92597	-2.3782	-11.989	-15.912	-2.8322	-6.5077	-2.7025	-2.2782	-3.568	-4.2655
