88	3	4.478092	5.376940	6.013935	-4.531558	-0.517007	-1.917192	3.851670	7.471292	-0.007829	-0.110722	4.478092	5.376940	-3.984715	-13.802749	2.900172	9.402841	-1.155251	9.289076	0.226458	2.807892	4.478092	5.376940	5.950312	-6.911641	0.352427	-1.850350	3.827377	8.081204	-0.007829	-0.107122
101	3	4.516528	4.584333	1.767565	-3.769503	-0.338966	0.635710	4.025269	2.745316	4.856301	4.644039	4.516528	4.584333	-3.852772	-9.179056	4.739336	8.745783	-1.460320	5.582249	4.856301	4.644270	4.516528	4.584333	1.841338	0.825241	-3.304097	-1.565049	4.018398	2.734642	4.830149	3.716539
265	3	1.927622	2.113014	-6.132952	-4.559736	5.015308	7.991026	2.100170	4.605000	3.249932	2.839241	1.927622	2.113014	4.231959	4.020553	-4.595239	-6.635120	5.407157	2.383880	2.364599	-0.745453	1.927622	2.113014	4.045861	-0.773712	0.996280	-0.040951	4.226669	4.350899	2.365309	-0.091761
276	3	4.469928	3.454011	-5.218680	-4.130635	8.038486	3.124817	-0.541782	0.328029	4.753364	3.483659	4.469928	3.454011	5.814419	2.617088	0.458199	-1.665501	4.541528	3.058243	3.717512	1.934116	4.469928	3.454011	-3.301913	1.336365	3.666751	1.611270	-0.545240	0.414317	4.723249	3.325838
326	3	4.984845	3.270708	0.962119	2.202655	-4.098060	-3.749666	6.154195	0.326783	2.469853	-0.221624	4.984845	3.270708	-6.694024	-7.979460	3.980458	9.598588	0.233045	4.774641	2.810455	4.392221	4.984845	3.270708	0.841079	-3.931460	0.622966	-0.426809	6.105639	3.803017	2.494732	-0.023528
331	3	3.813941	2.578630	4.412816	1.193503	-6.853931	-3.077754	1.853057	0.621959	-0.027078	-0.716188	3.813941	2.578630	-1.869513	-6.210354	4.252207	9.935490	-3.427943	6.290831	1.962282	3.818089	3.813941	2.578630	4.307652	-2.252043	-2.142097	5.245481	1.100546	4.525559	1.962282	3.818089
340	3	5.068301	0.845119	-4.778600	-2.548308	6.728662	6.049842	7.482989	0.677460	4.556150	2.905642	5.068301	0.845119	6.466751	6.890650	-1.818965	-8.378664	7.579606	-2.848970	3.782014	1.617836	5.068301	0.845119	1.030801	5.152010	1.853076	-1.024430	7.459596	0.511861	4.282272	2.381150
344	3	5.716563	2.960406	-0.119710	-6.337798	3.566424	3.863451	0.591403	7.037295	3.167170	3.623530	5.716563	2.960406	2.627737	4.349006	-0.888400	-4.951762	4.019122	4.690160	0.112092	-0.143744	5.716563	2.960406	3.279847	0.025690	1.494921	0.119516	5.522322	7.218668	1.822092	1.574003
347	3	5.200227	4.471831	2.644052	0.197927	0.098208	-2.274851	5.526768	6.729055	1.577407	1.549958	5.200227	4.471831	2.302205	-5.595993	0.825912	0.821784	7.367615	5.978860	3.885192	3.327305	5.200227	4.471831	-3.252388	-8.191931	6.037112	1.116639	7.364826	6.003411	4.061584	3.782034
385	3	2.284938	1.282095	-6.528965	-10.063795	5.433130	7.502277	-2.234494	8.842672	-0.036509	0.901325	2.284938	1.282095	3.577654	2.267784	-5.458749	-3.290076	1.841793	5.671324	-0.036708	0.558603	2.284938	1.282095	-0.434814	-3.543743	-0.716448	6.535540	1.841800	6.501043	-0.036509	0.901084
492	3	3.171049	-0.193635	-6.626930	-6.293037	4.278549	7.016815	4.029067	6.160362	3.119242	3.060877	3.171049	-0.193635	3.485999	1.462750	-3.155537	-1.843641	6.037241	2.768054	1.939982	0.768833	3.171049	-0.193635	3.494733	1.460227	-3.155684	-1.853852	6.014199	2.782196	1.915700	0.717575
499	3	3.046445	-0.373705	3.066479	-4.766193	-0.573118	-2.551390	1.221269	-2.191775	0.541758	-0.302216	3.046445	-0.373705	-2.991737	-4.639138	5.085712	-0.199289	1.697260	-0.330377	3.860167	3.396090	3.046445	-0.373705	4.358832	-0.097022	-3.654758	-4.954348	1.237938	-2.317641	0.541747	-0.607690
513	3	3.777859	1.394436	4.227701	3.662713	-3.832491	-17.833809	6.046047	-1.369857	2.526142	2.124520	3.777859	1.394436	-0.219297	-1.645536	4.559995	-1.128098	0.505170	4.153247	2.529202	2.171387	3.777859	1.394437	-5.117204	-1.669040	5.430822	1.181377	0.374133	4.143839	2.577955	2.535038
532	3	5.635624	4.492888	-7.373428	-8.114159	4.532407	2.536306	-0.305914	-1.815976	5.185617	4.631522	5.635624	4.492888	-1.775517	-2.422027	2.810544	0.035552	1.655212	-2.025815	5.006124	4.316133	5.635624	4.492888	1.020297	1.879033	0.679614	-4.051267	3.521928	-2.131785	3.733294	2.882088
534	3	5.942617	4.746745	4.693640	3.055918	-4.278743	-6.011352	2.436040	0.511027	1.998189	-2.028253	5.942617	4.746745	-1.422909	-4.492005	1.390524	10.428313	-2.009381	5.424188	3.560399	3.108398	5.942617	4.746745	1.564102	-3.585346	1.331317	4.262806	-2.004324	5.425710	3.559345	3.104732
569	3	1.752697	1.301878	-13.273686	-4.200773	2.080433	5.616577	3.221239	6.239721	2.513586	5.112530	1.752697	1.301878	-2.033971	2.433855	-1.419635	-2.887035	7.884775	3.658505	2.486580	3.792007	1.752697	1.301878	-5.162927	0.046953	1.734702	-1.569801	4.280931	6.206322	2.501669	4.153755
600	3	5.747564	2.322138	-7.070772	-3.058947	3.661786	3.551711	1.744342	1.977029	3.568184	4.511967	5.747564	2.322138	2.055382	4.891473	-5.555967	-6.222018	5.894818	-3.104860	3.562493	3.701846	5.747564	2.322138	-5.703349	4.170878	-0.993694	-2.227958	2.856281	-1.428708	3.567532	4.317674
627	3	5.407392	4.337735	1.812036	-0.001924	-2.438849	-15.776656	6.541419	0.464392	2.760635	1.553792	5.407392	4.337735	1.736845	-4.056484	-0.441362	-7.842984	6.480974	3.167533	2.760635	1.553792	5.407392	4.337735	-6.708499	-4.349191	3.130710	4.211223	1.644224	4.216177	4.145785	3.713436
687	3	4.641775	2.730992	2.380094	2.352301	-2.842786	-4.434472	6.669177	6.048402	0.717235	1.060235	4.641775	2.730992	-2.444084	-6.242615	3.023974	3.971240	1.629953	7.528912	1.715843	4.409323	4.641775	2.730992	2.562175	-0.952379	0.394414	-1.380710	4.170082	6.140234	1.358122	3.337280
741	3	4.523587	6.376281	2.281077	-8.706010	3.851877	0.038440	-0.119426	2.421447	4.211699	2.425745	4.523587	6.376281	5.876800	-0.201339	-2.300001	-10.158664	3.089079	-3.530089	3.850311	1.549695	4.523587	6.376281	-3.671215	-10.793318	3.161458	2.498123	0.300059	2.342279	4.532273	4.825483
759	3	5.386357	4.870922	1.866267	1.916198	-3.701503	-5.821298	3.297767	2.041222	2.301209	0.512223	5.386357	4.870922	-10.332003	-1.203954	3.881260	2.670870	0.444310	6.650325	3.895721	2.057944	5.386357	4.870922	-10.355694	-4.928825	4.261333	8.876128	0.434270	6.650517	3.895721	2.057945
774	3	5.428442	3.987969	-7.254252	-6.214193	6.437247	7.112746	2.319880	3.401999	4.860157	4.480809	5.428442	3.987969	4.085174	-0.206766	1.136886	-7.920180	7.418950	3.489040	4.219984	2.722548	5.428442	3.987969	4.261310	1.526419	-2.584428	-10.258450	8.183855	1.631026	4.219983	2.722547
778	3	2.611935	-0.759722	6.711925	3.433041	-6.154448	-10.060594	8.553122	1.071214	3.127075	0.149122	2.611935	-0.759722	6.699972	-3.665515	-0.148521	-1.447219	8.543101	4.878622	3.128878	0.494701	2.611935	-0.759722	-3.540378	-7.017079	5.314539	5.238371	3.779601	2.809929	4.347449	4.352569
794	3	5.644548	4.856241	2.312287	0.255424	-4.627945	-4.106368	0.494066	0.048980	-0.480137	1.989000	5.644548	4.856241	-8.170488	-8.768777	3.712127	6.071623	1.672997	5.760726	2.943847	4.760571	5.644548	4.856241	3.940308	-5.237706	-1.570889	0.767922	4.987953	5.756051	2.770712	3.916126
819	3	4.417523	2.886706	-6.313479	-2.893854	5.560028	6.499034	-3.051852	4.665657	4.225524	2.423018	4.417523	2.886706	4.934475	4.941090	-2.770883	-3.554614	0.165063	1.638231	3.366853	0.774733	4.417523	2.886706	-0.649959	-0.157523	6.023918	-1.075758	-4.702571	5.749672	3.613028	1.236160
854	3	5.972037	3.879965	-2.518117	0.285131	4.179643	-1.355374	4.177572	0.992174	4.266458	1.730077	5.972037	3.879965	1.981403	3.036032	-2.725739	-8.935281	6.011565	-2.454310	3.274757	0.574939	5.972037	3.879965	-5.544681	-3.061054	4.917855	3.318393	3.900050	0.654583	4.412250	1.970992
887	3	1.361136	4.161118	-12.948033	-7.228286	5.028864	2.442874	0.824290	3.376520	3.682220	5.445142	1.361136	4.161118	-9.072148	0.414659	1.217746	0.086849	2.766103	1.464263	3.682220	3.501720	1.361136	4.161118	-1.441890	3.148786	-0.510034	-8.435616	5.078002	-2.448231	3.682220	2.613174
991	3	5.531879	3.277406	3.416163	-2.710498	-5.471793	-9.721057	-0.019633	2.413442	0.703372	1.803025	5.531879	3.277406	-0.194532	-4.847858	5.130633	-0.721635	-0.199206	7.537972	2.943463	3.353718	5.531879	3.277406	-0.192638	-4.851512	5.167676	-0.682428	-0.188185	7.539316	2.987452	3.438096
1002	3	5.880852	3.884972	4.001647	5.060653	-1.670416	-11.079814	7.996713	-2.432380	2.996694	-0.068125	5.880852	3.884972	-1.016655	-1.371097	7.910508	-0.254461	2.894833	3.627728	3.398526	2.873985	5.880852	3.884972	-5.209617	-5.622168	7.821901	6.402683	2.935144	3.342986	4.432452	4.004130
1016	3	4.327917	3.012157	3.302302	3.339100	-4.633206	-6.665992	5.501712	2.581192	2.306031	-0.092345	4.327917	3.012157	-6.999723	-8.386499	5.607594	2.927542	0.964279	3.676605	3.844678	4.160959	4.327917	3.012157	2.038233	-5.420230	0.885375	0.983133	3.042730	4.525421	3.082660	1.797967
1039	3	6.066095	3.109352	4.053331	3.895414	-1.011574	-7.028039	8.173456	4.893398	3.177077	3.372051	6.066095	3.109352	-3.010786	-5.556998	5.783770	4.614870	3.066645	6.565124	3.724435	4.337470	6.066095	3.109352	0.025308	2.162158	3.218807	-2.577599	4.905319	6.964657	3.224902	3.440796
1071	3	4.942192	3.747602	-4.338029	2.915316	1.779620	-2.050417	0.346591	5.298589	2.583517	2.693633	4.942192	3.747602	-10.266660	-3.402092	5.709962	2.543895	-2.716502	5.856177	2.930799	4.764887	4.942192	3.747602	0.391468	3.629600	-2.998445	-5.533945	1.597660	2.627304	2.581743	2.686895
1092	3	5.228681	3.467648	-9.739198	-3.783554	6.571559	5.283001	3.667716	4.698014	4.211252	4.415620	5.228681	3.467648	2.604441	2.485807	-0.186156	-4.296766	8.931387	2.689577	3.394058	1.763192	5.228681	3.467648	2.554879	-0.066853	1.025246	-2.205852	7.112866	3.106209	3.981818	3.002595
1188	3	3.438371	3.005962	2.792806	2.435888	-1.145542	-8.796295	6.737164	3.292950	1.762246	1.780350	3.438371	3.005962	0.129733	-2.499436	3.350690	-1.426485	5.276205	7.377909	1.846261	2.564392	3.438371	3.005962	0.047531	-2.431760	3.620500	-1.261579	5.213119	7.377820	1.878626	2.676026
1192	3	4.351624	1.289929	-5.546835	-1.886090	0.332541	4.669854	2.732713	2.720193	0.378712	4.451400	4.351624	1.289929	-5.610006	2.481792	0.525067	1.136055	2.002568	2.885455	-0.241239	1.931069	4.351624	1.289929	0.484576	2.784245	-1.761164	-3.234358	1.028130	2.569475	-3.522997	-0.006429
1239	3	5.731910	2.670333	-2.855307	5.423294	1.927573	-2.047343	2.411317	3.757046	3.072986	3.278177	5.731910	2.670333	-5.175377	-3.975296	4.158261	1.576289	-1.810198	3.838957	3.351929	5.390109	5.731910	2.670333	-2.904426	0.525284	5.973804	-1.973067	-2.081998	3.953288	3.114720	3.403965
1292	3	3.997316	-0.379913	2.885400	4.323966	-3.098423	-7.934157	4.601025	2.190199	3.710208	1.824323	3.997316	-0.379913	-7.827877	-5.217874	6.634607	8.173401	-0.482651	3.834375	3.733408	3.847358	3.997316	-0.379913	-4.407295	3.888321	0.398391	1.178739	3.692591	3.820487	3.726078	3.666264
1399	3	5.323845	3.526979	-0.702995	-7.504453	-1.388068	3.730202	2.417751	-7.160547	3.260061	3.751962	5.323845	3.526979	3.345921	-8.547396	-0.663517	0.570992	2.367791	-7.105645	3.243772	1.911433	5.323845	3.526979	-3.339891	-13.076033	4.204430	4.243981	-2.806741	-0.596882	3.260061	3.752184
1401	3	4.728240	3.348297	-9.492004	-5.832462	3.522231	3.057065	3.250165	-1.879109	5.103971	4.690168	4.728240	3.348297	2.108233	2.464773	-2.978205	-7.099826	7.982083	-8.271679	4.590854	1.749422	4.728240	3.348297	-2.552896	-0.305551	2.685556	-1.207178	4.935824	-1.886522	5.089286	2.682568
1446	3	6.050864	4.257069	3.934811	-5.075964	-0.020670	0.484677	0.682331	2.267502	0.683353	1.140562	6.050864	4.257069	0.941364	-5.560716	0.079128	4.679098	0.597178	2.418256	0.683379	1.140573	6.050864	4.257069	-4.829189	-10.713102	4.820072	8.870942	-4.563814	6.901676	0.683379	1.140573
1477	3	5.309501	2.253990	-0.516067	6.314745	-3.786257	-0.755960	2.419210	0.745868	0.375791	0.771658	5.309501	2.253990	-2.138503	2.719634	0.275258	3.485755	1.554406	5.618113	2.001242	2.189350	5.309501	2.253990	-7.277878	-2.774016	5.399981	10.198449	-0.569562	6.360299	2.017774	2.198264
1622	3	4.338694	4.044451	1.866189	6.315157	-7.068676	-3.381943	0.332170	-2.730581	2.541363	2.809436	4.338694	4.044451	-10.123012	-6.727301	4.240161	9.978442	-6.049510	3.779644	2.541378	3.602430	4.338694	4.044451	-3.805534	-0.079404	-0.760477	3.834790	0.332027	-2.313206	2.541378	3.601577
1634	3	1.313289	0.495280	-4.410119	2.071219	2.451750	0.272427	1.529976	7.102607	4.170189	4.633021	1.313289	0.495280	-4.815316	-0.536277	4.442133	4.006984	1.177910	7.382123	4.187874	5.187740	1.313289	0.495280	6.692157	6.869939	-3.153597	-6.802028	6.033548	5.718316	4.005745	4.049554
1682	3	6.164296	1.925337	-7.106818	-12.747952	6.256752	7.180745	-6.862144	4.499011	3.308510	4.040138	6.164296	1.925337	4.695118	0.330056	-4.574756	-2.824761	-1.181424	-0.736735	3.308020	3.518635	6.164296	1.925337	-0.872008	-6.243447	0.760658	4.530265	-5.364963	2.250718	3.308505	4.030794
1697	3	6.052811	1.856358	1.967198	4.102194	-6.321568	-17.223307	6.771075	-1.516642	3.552942	2.699444	6.052811	1.856358	-10.033580	-3.942349	3.495946	4.021976	1.142565	4.059401	3.886153	4.507176	6.052811	1.856358	-2.970931	0.669457	2.485141	-0.324835	3.393138	3.867154	3.694429	3.354785
1854	3	5.552741	2.777943	-2.949831	-2.374027	-0.980370	4.148295	1.984838	2.805962	0.040535	6.139329	5.552741	2.777943	2.838154	1.412576	-6.950585	-2.803531	1.988984	2.805021	0.036716	4.784550	5.552741	2.777943	-4.280167	-8.306045	2.171198	4.202597	0.418516	5.472350	0.040535	6.139329
1945	3	6.613681	3.908208	-6.404602	-6.067369	4.328622	5.938934	-3.807673	8.117911	1.953551	4.667183	6.613681	3.908208	-2.633888	4.234646	-1.925306	0.873699	0.830567	8.002071	1.946280	4.640103	6.613681	3.908208	1.333205	4.269301	-5.130539	-5.586168	0.758321	3.197920	1.668137	3.774478
1965	3	4.677381	4.198539	-2.645439	4.121830	-1.410826	-1.358150	2.582241	3.536124	1.813742	2.620147	4.677381	4.198539	-4.927679	-0.549817	0.382168	4.588191	2.819733	4.313344	1.991152	4.674969	4.677381	4.198539	-11.052760	-6.033553	3.144714	6.884257	-1.795991	9.292009	1.991170	4.677731
1974	3	4.641698	0.740703	6.412652	4.343118	-3.235830	-6.066471	5.840843	-6.176722	5.562131	2.008215	4.641698	0.740703	-5.466302	-7.042955	4.850019	4.472964	0.201757	-0.757716	6.329787	4.517326	4.641698	0.740703	2.946382	-2.745016	1.889718	-1.727538	4.934385	-0.830616	6.105109	3.437900
2009	3	5.620476	2.075404	-6.413728	-4.802473	5.325832	4.726262	-0.443743	5.540032	2.268920	1.176275	5.620476	2.075404	5.127486	3.381265	-5.007309	-2.051381	3.122951	2.011629	-0.181480	-3.936708	5.620476	2.075404	3.304690	-3.494799	-0.264867	1.665357	2.587381	5.025186	0.846639	-0.008475
2036	3	4.397670	1.876884	-6.466297	-1.170688	6.655422	4.428149	-1.336788	2.265133	3.462321	2.365135	4.397670	1.876884	-2.642585	4.582642	0.632170	-1.613218	-4.341348	2.289290	1.453952	-4.015198	4.397670	1.876884	0.805199	4.823287	-4.973496	-7.228921	1.185801	-1.535274	1.453949	-4.023789
2042	3	4.928409	3.210381	-8.646704	-16.058346	1.526891	5.609965	3.666773	4.422386	2.266111	6.282406	4.928409	3.210381	1.590434	-10.232942	-0.987338	-0.410397	3.268413	3.293452	2.062916	3.782230	4.928409	3.210381	1.585002	-10.290091	-0.913410	-0.416441	3.196735	3.296693	2.034804	3.666873
2053	3	5.204592	3.483237	3.597975	4.391545	-4.942920	-5.021950	3.880940	2.624847	2.573252	0.646706	5.204592	3.483237	-7.399722	-7.198436	3.954632	10.674481	-1.621015	6.842391	3.116698	4.112611	5.204592	3.483237	-1.158868	-1.623300	-2.650158	3.831252	4.549900	3.860007	3.116697	4.112593
2135	3	2.686279	1.988771	-6.818085	-4.394123	5.674739	4.821468	2.897753	3.556882	4.352338	1.235744	2.686279	1.988771	4.323875	0.437403	-2.238210	-2.920253	0.257297	1.385609	2.469069	-1.812387	2.686279	1.988771	-5.887345	2.934758	0.340427	0.885143	2.966440	3.014147	4.305356	1.179039
2187	3	3.881351	-0.048075	4.776236	4.414634	-2.367721	-5.676798	0.088576	1.840174	1.246990	-2.049745	3.881351	-0.048075	-5.401937	-1.909249	6.561308	3.499111	2.026139	4.713795	3.380998	2.618382	3.881351	-0.048075	0.818934	-0.623034	3.754397	0.679838	1.701626	4.727081	2.893701	1.895729
2235	3	0.398105	-2.422530	2.888865	5.278187	-5.446636	-12.335836	6.736909	0.958415	2.567495	3.611743	0.398105	-2.422530	-3.557934	-0.003072	5.157952	-0.435780	1.486138	7.570796	2.626080	3.692039	0.398105	-2.422530	-5.854038	-3.485887	4.528701	2.414152	1.765288	7.490032	2.878217	4.766426
2241	3	5.188771	2.757485	-4.472227	-4.049243	8.247990	5.872458	0.413940	2.453975	3.944964	3.108003	5.188771	2.757485	8.017161	4.562299	-3.769250	-12.172604	6.012920	-3.700779	3.923845	1.828404	5.188771	2.757485	-3.997737	-1.671675	2.463327	5.698136	0.447732	2.420126	3.944964	3.107945
2262	3	5.117204	1.600555	-2.736225	-7.932235	0.931162	8.723012	0.878919	6.715221	2.402038	1.832680	5.117204	1.600555	3.605229	4.371438	-8.106948	-3.414047	1.108562	0.864783	2.304861	0.704943	5.117204	1.600555	-2.475079	3.032603	-2.330588	0.494493	1.109898	0.857628	2.323650	1.275943
2354	3	1.653796	0.543919	-3.509903	-5.652165	4.947021	5.680833	1.315116	5.187967	4.766711	4.286421	1.653796	0.543919	1.107198	0.385274	5.602274	-1.483959	1.302639	5.788377	3.648322	2.441254	1.653796	0.543919	4.570232	5.755876	1.255394	-3.275244	2.961606	4.741028	3.581853	2.357238
2452	3	5.185166	3.914998	-3.373129	-5.080914	2.876195	4.632572	-0.411867	1.855309	3.345501	4.436212	5.185166	3.914998	3.825029	4.714916	-1.834345	-5.832647	2.401973	-2.287477	2.902073	1.414623	5.185166	3.914998	-2.679374	1.507783	2.236709	1.360489	0.503180	2.034854	3.274743	3.719759
2510	3	5.396359	3.413578	-5.306355	3.573707	-3.365331	0.834240	2.572070	-0.109133	1.793937	1.198946	5.396359	3.413578	-5.530423	3.551683	-3.365935	1.018992	2.922991	-0.109765	2.070733	1.512462	5.396359	3.413578	-6.548992	-6.548572	2.565937	9.108828	4.382501	6.024889	2.750895	2.327414
2528	3	5.116065	3.732682	-3.385647	-7.453895	5.508356	7.573023	-5.282480	3.724372	3.544880	2.767145	5.116065	3.732682	3.554660	5.131172	-6.162974	-4.675732	0.839872	-1.665990	2.737049	1.951729	5.116065	3.732682	0.835191	-1.254291	-0.566573	6.326031	1.226882	3.712131	3.544880	2.767145
2540	3	6.842137	4.931750	-1.472942	0.454441	0.050193	2.069269	-1.316547	6.246634	0.978248	2.784811	6.842137	4.931750	-4.312097	-2.676578	5.807169	5.646571	-7.492768	6.246701	0.978408	2.784904	6.842137	4.931750	1.382712	2.359201	-2.022875	-4.985663	-0.994740	6.173791	0.309797	0.731158
2562	3	4.400283	-0.648778	-5.282521	-6.070461	6.501870	5.950074	-3.098367	5.174944	3.436908	4.200656	4.400282	-0.648779	0.329403	0.085928	4.822694	-0.959879	-2.298775	5.170511	3.436503	4.199659	4.400282	-0.648779	5.524226	6.005182	0.769432	-3.018470	0.252006	4.263529	3.327977	3.973577
2594	3	5.674932	1.751931	4.528525	5.692364	-3.966343	-10.324762	2.627972	0.046769	0.224090	0.223480	5.674932	1.751931	-5.216534	-5.404211	5.770130	9.892939	-0.564558	6.314404	3.166438	4.091884	5.674932	1.751931	3.657760	-0.465248	1.128655	-5.547918	1.789896	4.166468	0.224090	0.223481
2746	3	4.522587	4.196733	-2.228565	-8.534033	5.234538	2.019445	-0.374647	0.287232	5.854586	4.221876	4.522587	4.196733	2.527283	-6.416393	0.122292	1.427984	-0.374544	-5.873338	5.830900	4.110723	4.522587	4.196733	5.538724	2.042381	-3.236851	-8.237006	5.254708	-6.243508	4.459496	0.784597
2771	3	4.092040	3.765601	1.067887	3.721023	-1.035617	-3.295244	-1.372322	1.354520	0.409044	0.494266	4.092040	3.765601	-5.978347	-7.332342	5.575614	7.969987	-4.900156	7.806195	2.824971	4.249119	4.092040	3.765601	-5.396788	-1.347549	5.701225	1.427486	-5.014771	7.822522	2.777145	4.146738
2782	3	5.163726	3.453527	7.066944	1.020462	-5.111139	-10.212286	4.701814	-0.538162	2.513160	2.630850	5.163726	3.453527	-5.618175	-9.408550	4.572943	8.400531	2.252362	3.789269	4.063441	4.692353	5.163726	3.453527	0.591549	-2.387235	3.244880	-0.895624	3.083752	3.815622	4.038430	4.344948
2784	3	2.669531	0.785980	2.490885	4.340941	-4.742457	-8.759849	3.156371	-0.676254	0.926957	1.507332	2.669531	0.785980	-5.555611	-3.277218	5.797226	2.861591	-2.043251	4.337642	2.595057	2.673154	2.669531	0.785980	-2.868806	4.821596	0.044310	-1.492711	3.227702	4.869124	1.820453	2.249782
2807	3	4.864155	4.593739	-7.142281	-8.463446	3.849704	5.306681	3.459829	3.666199	3.850769	3.768094	4.864155	4.593739	3.022881	-6.196412	0.030168	0.797768	7.340882	3.302112	3.850768	3.768094	4.864155	4.593739	2.285202	0.852117	-2.405751	-3.153852	7.452272	2.582571	3.456586	3.453217
2919	3	2.813279	2.687843	1.821709	-2.618948	2.418397	-1.418490	1.873691	6.415800	2.753547	3.192591	2.813279	2.687843	-5.582235	-8.090555	4.543471	3.675826	2.020839	6.663700	2.868252	3.609798	2.813279	2.687843	2.159464	1.371279	-1.887564	-3.632081	0.716973	1.902443	1.894768	1.356267
2949	3	5.504473	3.507792	1.861586	-1.302509	-5.914370	0.228156	6.628007	-0.305004	1.590129	0.522724	5.504473	3.507792	2.224428	4.892930	-6.214849	-4.908377	6.314455	-0.214926	0.916851	-1.588351	5.504473	3.507792	-6.181762	-6.779063	3.739729	6.404144	4.433604	5.616938	1.856713	0.794050
2960	3	4.740083	3.556920	4.683493	-3.772711	1.161424	-2.291011	0.196402	1.413604	4.587922	3.444649	4.740083	3.556920	4.994132	0.401174	-2.329352	-11.782850	4.569115	-2.186833	4.584968	3.412213	4.740083	3.556920	-7.433551	-12.273549	5.020960	6.053798	-0.854462	4.301213	4.630847	4.635308
2981	3	6.046185	3.943972	-0.881529	3.382779	0.821958	-2.901802	3.406224	2.928311	4.743992	0.866337	6.046185	3.943972	3.799012	4.414943	-2.297057	-14.712316	7.256428	0.650691	4.736817	0.682375	6.046185	3.943972	-4.037017	-3.814237	5.479481	7.206235	1.691260	4.253083	4.769282	4.418326
3005	3	2.974965	2.023440	-5.600572	-7.307883	3.160710	6.796711	2.542111	6.375413	1.760044	3.949258	2.974965	2.023440	2.516615	1.737414	-6.299462	-7.364285	2.506116	0.514876	-2.042367	0.784767	2.974965	2.023440	2.422702	-4.349938	-1.549828	-3.846601	2.480628	0.516429	-2.041835	0.786986
3042	3	4.144127	3.020974	-1.338386	-9.301350	4.482135	6.478907	3.431201	5.823938	2.060273	4.479389	4.144127	3.020974	2.458777	-3.155978	1.217813	0.439403	4.767995	4.410709	1.989861	4.201084	4.144127	3.020974	3.439505	1.283400	-2.257109	-4.294369	3.677550	1.203078	0.505220	1.416378
3072	3	4.889790	2.675527	1.859342	-8.071450	3.540653	0.394197	4.700671	4.540282	2.355788	3.382650	4.889790	2.675527	6.171966	3.184190	-1.657908	-8.382926	7.350673	0.707221	2.172447	1.665670	4.889790	2.675527	-1.926049	-9.085945	4.164260	3.070264	4.517201	4.517750	2.450823	4.626185
3143	3	5.721020	2.256063	-5.202446	-2.557145	5.722022	-0.199668	0.221497	0.391288	3.009887	3.471076	5.721020	2.256063	0.562123	-1.142562	4.811908	-2.951120	-0.192992	0.680103	2.734035	2.592490	5.721020	2.256063	2.012906	4.222593	-0.792704	-8.341142	1.350229	-2.047273	1.193305	-0.128119
3167	3	4.346569	2.621848	-8.794364	-6.164508	3.943881	7.708754	-3.094808	8.528016	2.456964	3.679656	4.346569	2.621848	1.828652	3.321618	-3.834480	-1.189689	1.350515	4.615890	1.130264	2.806889	4.346569	2.621848	-4.255765	1.690875	1.580127	1.988021	-0.717459	8.097300	2.403862	3.637266
3168	3	4.007842	2.717511	3.283373	-0.794735	1.108329	-4.402506	6.678747	1.313679	2.416502	2.156389	4.007842	2.717511	-2.386411	-10.619958	5.992888	8.146041	1.930562	2.064422	3.050819	3.022119	4.007842	2.717511	3.344091	1.313598	-2.805510	-13.668779	7.682865	-1.522616	2.354589	1.903806
3206	3	5.462593	2.677676	-0.698850	-0.537462	3.259740	-1.027623	1.308410	-0.313953	3.968862	2.566670	5.462593	2.677676	3.973265	-3.049933	-1.069054	-7.532296	5.714957	-1.348535	3.365455	1.690681	5.462593	2.677676	3.973988	1.310789	-4.038820	-13.126693	5.826237	-3.393156	3.365455	1.690681
3292	3	3.905859	1.442909	2.868005	0.936924	-6.126890	-5.675554	1.691912	1.791262	-1.572115	-1.100223	3.905859	1.442909	-3.849762	-5.015077	2.023491	4.069900	1.373153	6.424453	3.211533	4.030053	3.905859	1.442909	1.509389	-3.186478	0.054068	0.964216	1.769865	5.524067	2.047311	3.219182
3348	3	5.115875	1.898059	-8.315750	-7.189154	5.222986	9.090268	-5.512508	2.309586	2.965049	3.630041	5.115875	1.898059	2.499657	-4.828504	-0.981661	-0.577572	0.339054	-3.398107	-0.180810	1.432959	5.115875	1.898059	2.892720	0.614180	-3.167698	-6.266887	0.339085	-3.817002	-0.187702	1.408948
3379	3	4.571008	1.757381	-5.301032	-4.929405	5.473585	7.030717	-4.302078	2.737292	2.874836	3.711331	4.571008	1.757381	-0.223417	3.644269	1.855566	-2.052648	-3.059924	3.140487	-1.576685	-1.682777	4.571008	1.757381	1.548517	5.216261	-1.061452	-4.901263	-2.070328	-0.476067	-1.576685	-1.686535
3437	3	3.598730	2.331059	4.479925	-3.880783	2.761297	-2.002853	1.304112	1.448269	2.997899	-2.208596	3.598730	2.331059	-3.388541	-4.498555	5.393077	2.500523	2.868338	0.877409	3.880617	1.709637	3.598730	2.331059	6.018028	0.978053	-1.192267	-3.000830	2.363451	-2.518919	2.584698	-4.574903
3454	3	2.915245	-1.153178	5.524519	7.243065	-2.731689	-7.673580	4.448147	1.299783	4.638615	3.652323	2.915245	-1.153178	-5.234837	-4.729710	2.474375	8.854681	0.481813	6.647061	4.659248	5.113004	2.915245	-1.153178	-3.727020	4.451712	-0.401909	3.082756	4.057685	3.712966	4.659181	5.083445
3482	3	3.978001	2.149675	-6.703912	-4.825424	7.565766	6.790264	-0.015286	1.161829	3.801953	3.493507	3.978001	2.149675	-1.214864	6.996315	1.273100	-1.629656	-0.027347	0.515687	3.504329	2.757019	3.978001	2.149675	5.052969	8.060006	-4.806653	-8.274613	4.262490	-1.185413	3.498779	2.744388
3510	3	5.348042	2.561887	-1.582559	3.691645	0.715418	-2.547537	3.704558	-4.128594	3.094462	1.074078	5.348042	2.561887	0.609008	4.151008	-2.269371	-5.270418	4.369823	-6.855565	3.077787	1.062018	5.348042	2.561887	-7.135093	-1.877057	4.337505	3.761947	1.276144	-1.166728	3.812703	2.603875
3613	3	5.307522	1.854596	-4.622057	-8.282075	6.451736	4.935153	1.715409	4.846559	1.954263	2.985215	5.307522	1.854596	3.099599	0.777632	-0.812731	-3.041503	6.440545	3.398264	1.517142	0.701526	5.307522	1.854596	2.485414	-2.792288	1.588323	-1.888678	6.408356	4.358013	1.876517	2.876892
3627	3	4.469552	1.822653	4.625445	-1.657994	-1.651679	-0.774603	2.551462	-5.983152	2.925400	0.933366	4.469552	1.822653	-7.272711	-5.375070	5.465297	5.139168	-1.270941	-0.131407	3.671005	3.440281	4.469552	1.822653	4.627397	4.593513	-4.679325	-4.437419	2.606097	-6.076818	2.924939	-0.156288
3642	3	5.377847	3.560902	-4.007739	-1.930165	9.423914	-2.808570	-0.629767	2.839491	4.295145	-0.697780	5.377847	3.560902	2.540696	4.959454	-1.842596	-16.835697	5.814796	-3.786450	4.295145	-0.703279	5.377847	3.560902	-4.115068	-4.635762	8.776546	-0.411393	-0.627727	2.830451	4.298988	2.515724
3661	3	4.189662	2.592017	-11.775607	-4.921338	7.809752	4.666366	0.100230	3.142212	4.391605	3.064946	4.189662	2.592017	-1.177561	6.491564	1.312823	-1.093725	0.277383	4.073126	4.151106	0.536026	4.189662	2.592017	-5.103720	6.310180	1.676440	0.661097	0.282865	3.044050	4.380084	2.477970
3682	3	6.113606	2.511317	-8.515169	-6.917032	6.658772	6.750470	1.482119	5.942663	3.186156	4.730029	6.113606	2.511317	2.142231	5.250780	-4.281689	-3.870128	5.059320	1.289196	2.940269	3.302956	6.113606	2.511317	-6.378911	-0.846146	4.974296	1.303670	2.438288	5.965075	3.153171	4.432779
3691	3	2.439846	2.934036	2.530132	4.692225	-5.226730	-11.123383	6.269286	1.667165	3.195192	1.075659	2.439846	2.934036	-7.268478	-3.509918	6.380852	4.133455	1.665716	5.658223	3.592356	4.161293	2.439846	2.934036	1.930517	-3.612675	1.435531	-0.901523	3.313418	5.465813	3.195350	1.076455
3715	3	3.232346	3.652186	-1.853734	-11.434897	6.389551	1.019319	-1.784048	4.268603	1.532949	3.571387	3.232346	3.652186	-5.704794	-14.749169	4.963779	5.887397	-1.693423	4.222044	1.591634	4.261515	3.232346	3.652186	2.167039	-7.485592	0.401242	0.129749	2.767072	3.832048	1.413614	2.393915
3729	3	3.824663	0.110487	-1.223005	5.323626	0.116331	-3.637878	1.605340	-4.374529	3.857519	2.513729	3.824663	0.110487	4.263604	4.794755	-6.311812	-6.290304	1.543068	-5.423315	3.413749	1.588524	3.824663	0.110484	-3.382074	-3.955150	5.410011	2.682861	-3.495474	1.015981	4.227246	4.312389
3743	3	3.132965	3.351923	-3.244913	0.952020	-1.097915	-0.410488	4.980426	2.793159	0.054515	1.074605	3.132965	3.351923	-7.745731	-2.926967	4.169542	0.386468	1.351832	7.485201	2.700832	3.252744	3.132965	3.351923	1.888384	1.345814	-5.485610	-5.039959	4.976067	2.794340	-0.260976	0.537152
3766	3	6.082702	2.610805	-1.431246	4.265737	1.934357	-1.713691	6.264398	6.623879	3.335328	1.751510	6.082702	2.610805	3.589227	5.416816	-1.367879	-8.914322	8.353248	2.341946	3.328246	1.739403	6.082702	2.610805	-3.226842	-3.867779	4.695417	4.367383	4.714129	6.808941	3.831803	2.708640
3775	3	4.593820	2.441602	-7.494365	-5.811535	7.490824	9.142170	-1.356939	4.037976	1.862723	3.487612	4.593820	2.441602	5.427448	4.867461	-3.117729	-3.976518	4.380587	3.316607	1.381474	-0.497911	4.593820	2.441602	-0.947073	-0.282450	6.322361	-1.652103	-1.435041	4.054667	1.595715	1.879691
3810	3	5.357815	2.735596	-5.980690	-8.312202	4.685393	3.953032	4.423623	5.022727	4.127878	3.601254	5.357815	2.735596	5.227390	2.841226	-4.141067	-13.095886	7.183622	0.075682	3.652154	2.686836	5.357815	2.735596	1.466835	-1.273628	3.230656	-1.822600	4.941663	5.580374	3.977628	2.962322
3834	3	5.225285	4.811652	-18.073160	-6.952331	5.038850	6.437031	2.093848	3.356422	4.847476	4.298581	5.225285	4.811652	-11.495947	-1.399032	-0.805244	2.839855	3.810349	-2.498993	4.846854	4.146904	5.225285	4.811652	-5.740048	2.927468	0.271690	-1.152337	3.735134	-1.975747	4.758594	2.955860
3893	3	4.014040	2.500524	-5.449079	-3.749424	5.940614	9.925173	1.922642	6.099950	3.383431	4.452732	4.014040	2.500524	6.142304	6.225458	-1.484968	-2.425333	3.854445	4.176312	2.463619	0.799779	4.014040	2.500524	-0.142696	3.666495	1.424134	0.666384	4.475055	5.339565	3.259540	2.743414
3895	3	4.178734	1.333939	-4.574767	-9.819984	6.630377	7.960902	1.275556	4.454680	0.693128	3.846140	4.178734	1.333939	4.364123	2.469166	-5.489350	-1.727654	-0.816994	2.494020	-2.136015	0.740003	4.178734	1.333939	2.029821	-9.023260	1.029139	1.355820	4.832927	4.469311	0.539517	3.411895
3943	3	4.997774	4.644409	2.664286	4.716589	-4.578332	-7.669907	4.482958	3.093270	2.666738	1.778786	4.997774	4.644409	-6.899899	-2.613872	7.469657	7.567128	3.858799	6.606382	3.400710	3.776698	4.997774	4.644409	-2.712814	2.291578	1.046595	0.845655	3.895267	5.267523	3.400658	3.756938
4076	3	3.225101	-1.750552	-4.479720	-2.165394	6.483013	4.991614	0.039973	6.432477	3.687711	3.929025	3.225101	-1.750552	0.168481	2.441716	5.178072	-1.839373	-2.591919	6.903052	1.980099	2.086872	3.225101	-1.750552	5.749540	5.021578	-0.890720	-6.372175	2.202433	3.203110	1.878107	1.876122
4148	3	5.699521	4.834610	3.352386	1.238526	-3.693728	-9.657092	7.688536	1.259169	3.220890	-1.856098	5.699521	4.834610	-6.153984	-4.420475	4.146587	1.806576	2.004084	2.332578	4.247524	3.094674	5.699521	4.834610	-2.664819	0.060663	3.600717	-2.673784	2.004500	2.730508	4.070225	1.594030
4203	3	4.910687	2.111805	-2.940861	7.155411	0.314362	-1.298611	4.415085	1.821310	5.866884	3.075572	4.910687	2.111805	-8.312623	-3.144360	5.940560	6.022294	0.810354	1.830894	6.326311	4.411711	4.910687	2.111805	2.313702	4.409103	-5.683993	-3.442741	3.495592	0.188471	2.815751	0.955227
4224	3	5.811860	0.780844	-4.909267	-5.784526	1.731824	6.242086	6.006524	5.339265	3.247540	3.641084	5.811860	0.780844	4.240209	1.208829	-6.310174	-5.582567	8.007131	0.984568	3.240829	1.659741	5.811860	0.780844	0.339823	-4.977203	-1.520701	5.152924	8.007280	4.215984	3.247540	3.633671
4232	3	4.320019	3.016472	4.245336	5.262058	-3.975897	-15.740937	6.869261	-0.304595	2.438224	-3.215893	4.320019	3.016472	-5.447768	-6.007414	8.457356	5.434611	0.372644	3.693664	3.611248	2.474828	4.320019	3.016472	-0.321468	0.240506	3.241385	-0.947448	0.799676	3.689011	3.563053	2.089974
4262	3	5.095985	4.043679	-10.573955	-8.731488	6.406190	3.979982	-2.539039	8.700450	1.305083	2.856638	5.095985	4.043679	1.298338	2.257648	-3.777916	-0.943476	-0.453108	3.713292	0.933271	1.461367	5.095985	4.043679	1.207524	1.976826	-3.773329	-0.711756	-0.786249	3.715010	1.000204	1.786996
4274	3	4.139577	3.222770	4.013405	5.542188	-3.948789	-3.445634	4.400370	1.875575	-0.163663	-0.788886	4.139577	3.222770	-4.547030	-2.650165	5.661326	7.783382	-0.566191	6.373914	-0.163129	0.266795	4.139577	3.222770	-0.850107	1.612235	-0.152527	3.553508	4.082511	4.431287	-0.163130	0.266211
4328	3	4.166982	3.975088	4.439223	-1.000499	-4.624320	-11.426392	3.500012	-0.066125	3.094274	2.448161	4.166982	3.975088	-1.044055	-11.378338	3.132205	0.020196	-1.883559	4.447566	3.244437	2.822768	4.166982	3.975088	-5.046579	-11.943124	2.620093	2.162481	-1.846681	4.310063	3.286228	3.423711
4337	3	4.237089	2.873449	-1.351347	-8.732273	4.353091	1.508240	1.718392	7.473279	4.032963	3.801256	4.237089	2.873449	4.583347	-5.650457	0.374500	-0.943140	7.251773	3.724968	3.244163	1.461546	4.237089	2.873449	4.364583	-1.923935	-3.391182	-2.680235	6.671351	2.846807	2.672179	0.934534
4356	3	5.445766	3.147482	-6.871026	-4.805104	4.441041	9.144648	0.466231	2.401517	4.060864	3.220489	5.445766	3.147482	3.786357	2.534386	-4.673092	-1.996040	3.406522	1.736684	3.219675	2.240063	5.445766	3.147482	-6.798015	2.549287	-0.563562	1.279831	1.918638	-0.680754	3.944181	2.874857
4375	3	6.580698	5.070735	2.679340	0.250323	0.725050	-6.665592	1.609033	4.252711	3.639616	2.248594	6.580698	5.070735	-2.891363	-11.636738	6.648038	1.627148	-0.447463	5.321450	3.824442	2.941999	6.580698	5.070735	1.384795	-10.891636	3.085812	-2.701719	-0.490476	5.133151	3.639622	2.248616
4380	3	6.668793	3.859823	-0.261290	-3.598779	-0.622573	5.576983	6.208175	3.790782	4.213114	2.367350	6.668793	3.859823	4.474350	2.809750	-2.991042	-8.585091	4.984763	1.545251	3.510566	-0.112682	6.668793	3.859823	-5.189905	-8.783838	5.536589	10.409167	-0.024617	5.606367	4.213114	2.367350
4384	3	3.763165	1.938402	1.536025	2.929802	-4.438660	-9.569299	3.285589	2.487840	0.959580	-0.133929	3.763165	1.938402	-5.924131	-7.756008	3.173210	7.269474	-0.144409	7.159288	2.165960	2.547928	3.763165	1.938402	1.196153	-2.493233	0.296376	0.162378	3.497603	6.434074	2.165795	2.484404
4451	3	5.842361	3.621182	1.493445	5.424391	-2.799983	-8.392534	6.205674	-0.087421	3.845058	2.922794	5.842361	3.621182	-2.253368	-0.955867	1.468412	8.806746	5.193044	4.707919	3.995653	3.486601	5.842361	3.621182	1.290357	-0.804271	0.186717	0.906165	5.731955	2.193246	3.923313	3.203699
4480	3	2.687452	0.865522	6.828176	-2.313369	-0.273060	-6.973401	5.961102	3.320902	1.560606	-0.769219	2.687452	0.865522	6.828754	1.363333	-6.234445	-14.256311	5.984750	1.446818	1.560557	-0.771242	2.687452	0.865522	-1.835710	-10.344899	3.967328	7.992268	1.123108	4.739845	4.429320	3.266322
4502	3	3.708997	4.028560	-1.094706	-6.415925	1.931345	8.256771	2.158548	4.808602	4.017727	3.013666	3.708997	4.028560	-5.926158	-11.354646	5.856073	9.501007	-0.558773	4.814424	4.017727	3.013666	3.708997	4.028560	3.495594	0.452366	-1.091937	-3.088737	3.251369	3.859147	3.285712	-0.619141
4594	3	5.616093	4.275740	3.286540	3.541920	-5.485873	-11.872665	8.463453	-3.630816	5.328731	3.031912	5.616093	4.275740	-0.982619	-2.482068	4.547003	-2.899922	7.151897	2.258574	5.543304	3.589243	5.616093	4.275740	-0.867772	2.631633	0.742691	-6.201178	7.167608	2.487553	5.328733	3.031915
4599	3	3.105730	2.292208	-9.672657	-5.248291	6.351879	4.461934	-4.365923	7.094276	1.680536	4.502509	3.105730	2.292208	-3.209202	1.028224	1.382982	0.147393	-4.365008	4.665218	1.664468	4.392355	3.105730	2.292208	-0.145839	0.103071	-2.140531	-2.459652	-3.147934	1.786832	-1.372723	1.187261
4601	3	4.121561	2.815982	2.467430	-4.520849	1.862179	2.109487	2.509246	4.524086	3.602952	-0.039316	4.121561	2.815982	-0.318219	-5.305868	7.979866	3.257107	2.547792	3.516846	4.250033	0.364311	4.121561	2.815982	1.635218	5.154256	-4.031252	-7.675969	2.027752	0.993691	2.038545	-5.292438
4623	3	4.029181	4.418814	0.512300	5.050412	-3.388170	-4.122007	0.539233	1.326074	-1.507795	-0.643637	4.029181	4.418814	-7.150440	1.247263	3.582042	2.838548	0.624122	5.811899	1.657756	3.298322	4.029181	4.418814	-2.393743	1.254145	4.333525	0.231412	-0.073607	5.946382	0.959699	3.057712
4718	3	4.814585	3.280507	0.949172	1.598754	-0.887168	-5.387061	5.413262	-1.239892	4.268247	3.530347	4.814585	3.280507	3.986434	1.824072	-3.377772	-8.889480	5.413274	-1.241851	4.268247	3.530346	4.814585	3.280507	-4.315563	-10.104151	4.584782	9.195553	-0.281279	3.250511	4.305292	4.169216
4723	3	4.440553	3.497805	-4.609379	-5.865499	5.079458	6.116396	1.520778	5.763103	3.549562	3.102710	4.440553	3.497805	0.170856	4.943062	-1.694325	-4.681949	0.553391	4.135230	1.746686	-2.332742	4.440553	3.497805	-3.556269	5.093815	-0.065548	1.353859	1.975054	4.949625	3.451089	2.589537
4745	3	3.142686	2.651231	-7.601693	-4.562427	5.092370	4.897812	1.248805	4.659605	2.699434	4.549465	3.142686	2.651231	2.509860	3.172483	-1.842393	-2.680377	3.580533	5.156481	1.971392	0.311452	3.142686	2.651231	-1.752268	2.214137	2.543130	-0.984710	3.117967	4.674179	2.684163	4.233781
4754	3	5.709103	3.947420	2.861906	2.636790	-3.768318	-8.736349	5.884136	0.942638	3.588012	0.891177	5.709103	3.947420	-6.898503	-6.016487	0.051810	1.074135	1.902988	1.299435	3.955300	4.323961	5.709103	3.947420	1.943501	0.464477	-0.931847	-3.292811	5.193788	0.869789	3.769806	1.266111
4757	3	6.114950	3.419031	1.320530	-0.444075	-1.276369	-0.842492	1.190697	2.713616	-0.656661	-1.669123	6.114950	3.419031	-5.730018	-9.234005	7.134074	3.709895	-5.056654	6.725551	1.615644	3.938968	6.114950	3.419031	-1.752117	-3.286550	4.976015	1.047963	-4.966994	6.725480	1.615644	3.228856
4824	3	5.869597	2.025426	4.101560	-1.924733	-5.052015	-4.955263	5.558484	0.843019	1.089393	0.282558	5.869597	2.025426	-4.776256	-9.421617	4.431705	4.775355	1.094682	6.488212	2.636478	3.923147	5.869597	2.025426	5.820688	-5.954253	0.609954	-2.031894	5.506993	6.070813	2.074522	2.443603
4859	3	4.849020	4.520438	-3.981228	-2.836444	-0.009420	4.872276	-3.205473	1.388600	4.838973	4.533501	4.849020	4.520438	3.805306	4.313715	-6.473782	-2.282643	2.600415	0.455742	4.838946	2.731841	4.849020	4.520438	3.537248	-1.136796	-0.888206	-0.221940	-1.222163	0.568062	4.838960	3.093771
4902	3	5.030366	0.513828	4.110566	3.785866	-7.189672	-2.692226	1.721386	-3.730986	1.341991	-0.049674	5.030366	0.513829	-5.494293	-4.120187	5.498299	4.114937	1.641553	-1.954925	4.545164	3.774018	5.030366	0.513828	-5.258510	-0.166231	4.780974	1.710321	1.526943	-1.954230	4.298701	3.210857
4907	3	5.931158	2.377017	-1.938851	-4.082081	7.113265	-2.517543	-0.928953	1.103962	4.062607	2.122181	5.931158	2.377017	3.879492	1.919341	-0.003743	-7.051148	1.730804	1.284635	3.983070	1.842187	5.931158	2.377017	2.408529	-1.477240	1.834849	-6.793471	-0.984072	1.362322	3.983165	1.842478
4933	3	3.705189	1.851256	4.421090	2.624106	-6.271269	-1.583985	3.579645	2.572757	-0.013964	0.425477	3.705189	1.851256	-5.378114	-3.487059	3.243549	7.402634	-2.495005	5.809155	0.421618	4.478937	3.705189	1.851256	-1.933019	1.358934	-2.503699	3.748902	3.909444	2.304803	0.421616	4.478277
4942	3	4.839623	0.248000	-6.355612	-7.421100	7.869153	4.616213	-1.637470	1.764929	4.010361	1.775167	4.839623	0.248000	3.978688	2.488365	-2.831852	-2.670826	-0.088515	0.004917	2.367257	-1.175123	4.839623	0.248000	0.049790	2.727064	-1.228278	1.401486	3.664573	-1.157118	3.786613	1.315991
4959	3	3.578975	2.579566	-9.424280	-8.971084	4.249823	7.129404	0.263871	6.757961	3.899814	4.381953	3.578975	2.579566	1.149685	3.177253	-5.019101	-2.357673	6.339349	1.842761	3.887009	4.271811	3.578975	2.579566	-4.815713	1.771789	1.386454	0.270201	5.028959	6.115720	3.899761	4.381428
4980	3	5.335636	3.807008	-3.102078	0.771143	-2.689736	-2.248705	-2.870498	-3.138693	2.510893	2.688537	5.335636	3.807008	-3.186454	0.704446	-2.712558	-2.105915	-2.999887	-3.062127	2.532874	2.982118	5.335636	3.807008	-3.259503	0.640866	-2.555792	-2.158282	-3.122573	-3.039851	2.317570	2.477206
5007	3	4.824976	2.864721	-0.781850	-0.592536	5.368301	-6.056725	3.521331	1.030165	4.293064	1.782231	4.824976	2.864721	5.015032	4.298212	-3.862009	-11.148180	8.550705	-0.315411	3.454683	-0.177886	4.824976	2.864721	-4.855462	-5.544053	5.429210	3.782252	3.496258	0.206357	4.680285	4.706505
5023	3	5.395274	3.275067	-11.613083	-8.460148	5.486749	6.613939	0.665007	7.620622	0.882214	4.181758	5.395274	3.275067	-0.468690	1.248845	-5.697997	-3.235251	2.549064	4.388682	-0.369137	3.283518	5.395274	3.275067	-8.343078	0.468398	-0.304400	0.160651	3.155309	5.148711	0.815512	4.054302
5067	3	3.718666	1.637139	-1.744814	-2.478836	3.009250	3.458125	1.914800	3.071744	4.012710	5.186596	3.718666	1.637139	9.528178	3.804308	-3.454940	-15.653674	6.262722	0.759142	2.089527	1.344027	3.718666	1.637139	8.101449	-1.326271	0.259535	-3.105921	6.385711	3.069105	2.437120	1.602494
5076	3	5.799256	3.157504	-4.427506	-7.791771	5.712633	6.083280	-0.057654	5.796573	3.456185	4.101745	5.799256	3.157504	1.736104	3.039528	-2.705147	-10.286995	4.452122	1.851369	2.470597	1.539359	5.799256	3.157504	-3.120965	-2.406044	0.138517	3.928436	5.626517	4.268743	3.456158	4.101472
5099	3	5.909437	4.818872	-0.996605	-12.027279	6.513747	0.803135	-0.745150	3.331888	3.697556	1.942381	5.909437	4.818872	3.271380	0.667732	0.002638	-3.906113	0.603394	2.469497	1.984396	0.228015	5.909437	4.818872	-5.382022	-12.016849	4.760199	4.797056	-0.016299	2.828308	4.198102	3.203037
5179	3	3.531234	0.473489	6.632005	1.282378	-4.522001	-2.065445	0.095633	0.911829	-0.813273	-1.773272	3.531234	0.473489	-2.821941	-3.859240	6.387164	4.580741	-6.320846	7.420790	0.940480	1.892923	3.531234	0.473489	5.614981	-0.282629	0.646431	-0.250562	-1.148041	5.091794	0.221882	0.649528
5194	3	4.530284	1.469453	-6.688576	-1.895089	7.147348	3.869115	4.163915	7.420362	2.384774	2.714407	4.530284	1.469453	1.173398	3.754111	-3.992496	-4.585593	6.195653	1.349488	0.626554	-1.573135	4.530284	1.469453	-3.798303	3.939333	0.627466	-1.175780	6.944666	5.853103	2.058025	2.332388
5217	3	4.771321	3.823014	-0.235435	-2.542337	0.807978	4.440107	4.770494	0.626813	2.036236	2.621171	4.771321	3.823014	-7.634776	-4.456444	5.524063	8.475505	-1.696463	1.589579	2.036272	2.621216	4.771321	3.823014	2.727315	-1.941098	0.616576	0.819061	4.151648	0.900400	1.631990	2.064766
5349	3	4.944876	3.378817	3.185649	2.447567	-0.602550	-3.826512	-2.130472	6.561085	2.206960	2.470850	4.944876	3.378817	-5.739772	-8.323646	4.665882	3.787231	-1.763831	6.532248	2.874112	4.856532	4.944876	3.378817	-1.167645	-5.012883	0.775155	2.947971	-1.763770	6.530482	2.874084	4.856299
5451	3	5.403014	3.559442	0.166510	-0.330304	-1.366097	-2.535132	0.110961	0.727124	-1.007253	-0.150233	5.403014	3.559442	-7.017401	-6.767971	6.408460	2.908512	1.273276	6.583323	3.205229	3.095033	5.403014	3.559442	0.263654	0.350821	-1.978757	-6.173409	1.333114	0.688934	-1.230968	-1.295632
5551	3	3.102495	2.877650	-0.103363	3.328018	-1.864698	-2.624799	4.649727	-1.223189	3.021474	1.909131	3.102495	2.877650	-4.339506	-1.153246	3.578693	1.290708	4.306508	2.916231	3.846529	4.394961	3.102495	2.877650	-3.244970	3.333452	0.708381	-0.223067	4.272364	1.644118	3.176332	2.004829
5580	3	5.381206	0.128632	-0.694410	-4.825262	4.765209	0.559157	0.393757	5.397100	3.564877	3.150316	5.381206	0.128632	5.029525	1.303152	-3.006084	-8.083756	4.506425	1.277327	1.626013	-1.125829	5.381206	0.128632	5.013403	-0.725782	-0.598756	-0.844678	4.238886	3.159592	3.124325	1.993419
5633	3	5.581867	1.782654	-4.220825	-6.701075	4.764742	3.765373	0.643607	1.524655	4.621381	4.134775	5.581867	1.782654	6.281702	3.766674	-3.855738	-13.089968	4.546570	-4.221794	3.031042	0.185245	5.581867	1.782654	1.132685	-1.384118	3.688703	-0.121789	0.742882	1.996346	3.324632	0.754862
5634	3	4.760338	1.072572	3.266007	-4.523986	0.396942	5.787073	2.851632	5.073907	-0.041442	2.168354	4.760338	1.072572	-2.270471	-9.860852	5.608309	9.867230	-0.639325	5.073909	-0.041442	2.168354	4.760338	1.072572	5.382048	0.946131	-3.612378	-2.686007	3.402358	3.856372	-1.570628	-1.061910
5647	3	5.597844	1.621537	-5.217586	1.754781	3.266263	1.039593	2.883749	2.361398	5.005983	4.788709	5.597844	1.621537	1.115970	6.550479	-1.471088	-8.188515	4.402095	0.424962	3.853709	1.838212	5.597844	1.621537	-9.584732	-4.079217	5.144462	4.398327	2.883896	2.328433	5.016609	5.052179
5691	3	4.845300	5.347969	0.128825	-3.241885	-1.369213	-2.228817	4.264195	3.624268	1.610676	1.227762	4.845300	5.347969	0.192170	-3.151731	-1.691816	-2.743861	4.270178	3.491393	1.618369	1.219900	4.845300	5.347969	-7.853143	-12.674779	4.417363	7.004126	-1.874458	5.907152	2.290630	3.325598
5746	3	3.607996	1.276005	-2.006317	4.451511	-1.154076	2.554718	3.182614	2.131106	3.532716	3.838450	3.607996	1.276005	-5.834056	-4.274407	5.289458	11.250091	0.086882	6.525111	3.621899	3.925436	3.607996	1.276005	0.318470	5.641147	-6.102894	0.524249	1.297474	1.375449	2.177259	3.138070
5777	3	5.299721	0.252232	4.594626	7.620703	-2.156443	-6.080635	0.769110	1.585845	2.992068	0.078278	5.299721	0.252232	-5.851642	-2.011153	5.846277	5.988375	-4.102547	2.949344	5.048714	4.590458	5.299721	0.252232	3.559975	-2.002808	1.683227	-0.992680	-3.477510	1.447239	5.048709	3.526781
5791	3	4.307677	3.689634	7.465232	1.806123	-3.355859	-9.070694	3.712319	-3.397248	3.048791	3.263630	4.307677	3.689634	0.598878	-4.159755	3.786532	0.789134	0.051835	2.206691	3.086397	3.389367	4.307677	3.689634	-4.697652	-6.398001	5.484685	5.815398	-2.004597	2.206653	3.087089	3.392096
5820	3	4.514778	4.713898	-4.038836	-6.596895	4.263843	6.217595	-1.458226	5.848043	4.010521	3.828444	4.514778	4.713898	2.236475	-2.673146	-0.019851	1.290074	-0.827023	5.471952	2.624134	1.788365	4.514778	4.713898	2.425167	-2.254034	-0.305797	1.143576	0.267695	5.304255	3.009379	1.769174
5844	3	1.855434	6.264179	-2.913182	-1.646944	1.979924	0.169114	4.208641	1.164811	4.291858	3.714273	1.855434	6.264179	-2.841843	1.353740	-2.071074	-5.469895	5.686824	-3.213613	4.284841	3.556890	1.855434	6.264179	1.924562	1.353710	-6.469902	-10.066544	5.861802	-3.870072	4.284564	3.550923
5868	3	4.783735	3.733646	3.201039	2.779527	-4.452854	-6.191299	6.956050	0.356180	4.459151	-0.219671	4.783735	3.733646	-3.437005	2.698300	0.913348	-0.491195	5.886397	3.769257	5.144305	2.836028	4.783735	3.733646	-6.797039	-7.926656	6.159563	2.828117	3.867011	4.798008	5.256703	4.196696
5911	3	4.969575	3.798566	0.369419	7.015992	-2.559251	-1.894769	4.312405	2.305278	2.803570	0.510024	4.969575	3.798566	-11.514928	-1.574948	5.236062	10.760995	-1.982257	6.159375	2.885285	2.422419	4.969575	3.798566	-5.361837	3.895360	-0.976411	4.142034	4.358945	4.319610	2.875456	2.370745
5934	3	5.954038	2.808735	-4.192619	-6.612154	2.050947	5.261545	0.439612	7.056456	2.273355	4.846014	5.954038	2.808735	2.207738	-0.005180	-2.016356	-1.446898	1.721830	4.212778	2.220960	3.499720	5.954038	2.808735	-0.784820	-3.531997	2.481514	-0.481950	-1.000911	7.056797	2.270337	4.669660
5936	3	5.479844	2.334882	3.240352	4.268062	-5.805556	-6.521347	5.380296	-1.868820	2.679626	0.212825	5.479844	2.334882	-3.351617	-6.132977	4.173309	7.955678	-0.176329	3.986697	3.333343	4.427410	5.479844	2.334882	-0.694651	3.715158	0.547421	0.900408	5.516346	4.160510	2.846820	2.417963
5952	3	3.631124	0.521747	3.348658	-8.071651	1.008949	-0.245852	3.560407	4.655336	0.614150	1.717930	3.631124	0.521747	-1.493412	-7.254009	6.527372	1.976172	0.650149	1.964383	3.912998	3.527859	3.631124	0.521747	3.821078	-0.013534	-0.146077	-4.062492	5.566819	2.045170	0.597970	0.410887
5966	3	5.521533	3.556753	-3.412674	1.485536	0.375355	2.772486	8.065528	4.071165	3.280482	2.735582	5.521533	3.556753	2.267953	5.133457	-3.893687	-6.278906	6.558885	-0.119885	2.709311	-0.574714	5.521533	3.556753	-9.383161	-4.354386	4.143929	8.743511	3.051101	5.078412	3.293342	2.752438
6036	3	5.860451	4.059136	0.332563	-4.810803	4.112071	0.389803	0.274035	3.503121	4.347706	4.229729	5.860451	4.059136	0.986430	2.960967	0.161926	-2.289047	4.394190	5.008765	2.290139	1.524225	5.860451	4.059136	-5.426929	-5.867119	6.452585	5.247486	0.275627	3.489120	4.358089	4.269659
6039	3	5.026316	2.115316	-3.606831	1.202327	1.327162	-1.481238	4.745531	5.684270	2.468116	3.146125	5.026316	2.115316	0.497239	1.118488	0.114110	-8.930747	4.505651	2.124216	2.130375	0.982065	5.026316	2.115316	-9.690538	-6.838805	6.419262	4.210214	-0.035870	7.368414	2.474872	4.109907
6079	3	4.743266	1.992142	-3.323743	-3.879521	6.118164	7.985113	-4.606601	6.222965	0.882962	4.243920	4.743266	1.992142	6.309496	2.968929	-1.695195	-0.486767	1.017820	4.415241	0.839955	2.844745	4.743266	1.992142	0.978785	1.777894	0.393207	0.334127	-4.019717	6.222405	0.856582	3.259739
6162	3	5.551514	1.890788	4.937208	5.262357	-3.802362	-13.021691	4.641358	-0.985880	3.351721	0.464755	5.551514	1.890788	-0.574115	-3.072839	6.180144	2.258767	0.087144	5.426463	3.636927	3.364310	5.551514	1.890788	-4.923182	-4.946048	6.746045	8.527668	0.087181	5.426453	3.636944	3.365843
6199	3	5.141905	3.739108	-8.714626	5.156655	-0.172039	1.315407	4.057585	2.198466	4.289636	0.819234	5.141905	3.739108	-0.457996	3.492469	-6.461684	-3.525348	1.347944	0.703355	2.663392	-2.417989	5.141905	3.739108	-11.119767	-5.478704	6.171484	8.498776	-1.586462	4.517492	4.666436	1.834609
6223	3	5.190215	2.503470	-2.113072	-5.072019	7.658142	6.175944	-1.420405	2.591333	4.275231	3.111088	5.190215	2.503470	8.696430	4.178282	-3.256457	-8.025353	3.702477	-0.681953	3.639200	1.309814	5.190215	2.503470	0.504707	-1.814613	6.935148	1.437539	-1.604520	2.663048	4.083916	2.605995
6256	3	4.076083	2.844660	-8.287595	-4.892225	5.064930	5.569197	0.496128	2.023427	5.072070	4.436525	4.076083	2.844660	-4.490004	3.368926	2.189869	-0.522235	2.745197	2.077294	5.048729	3.755308	4.076083	2.844660	2.521146	5.208901	-4.444814	-12.207973	6.431158	-1.375191	4.751494	2.813445
6270	3	5.038250	3.364318	-1.515109	1.765913	4.932915	-2.917940	-1.131364	6.338118	2.243828	1.874991	5.038250	3.364318	2.074782	6.479789	-3.631852	-11.768437	5.397801	3.423681	2.227565	1.866926	5.038250	3.364318	-5.338491	-3.071360	7.035703	3.069372	-0.735924	6.047613	2.801898	2.584460
6286	3	4.314218	3.551936	-2.657877	-7.771759	6.207149	7.279823	-1.655908	5.823021	2.882362	4.455378	4.314218	3.551936	7.097576	-2.478205	0.193816	-0.100467	4.043596	4.405374	2.881065	3.548468	4.314218	3.551936	7.343196	1.775556	-1.110939	-9.108299	4.049440	2.462395	2.880681	3.461704
6320	3	3.977087	0.870609	5.834952	2.912358	-3.746587	-14.704591	7.834011	-4.091488	3.689596	-0.382541	3.977087	0.870609	-0.500333	-8.307291	3.541954	-0.587344	4.400227	0.887331	7.277915	4.090141	3.977087	0.870609	-2.464987	-8.348000	4.433277	3.139584	3.721286	0.887771	7.284326	4.176099
6333	3	6.363394	2.148233	-1.720389	1.070202	-1.566650	-1.447688	1.111114	-2.563096	-1.415806	1.193112	6.363394	2.148233	-3.297288	-2.679305	-0.945796	3.481258	0.929155	-4.322604	1.185025	2.870628	6.363394	2.148233	-4.655550	-9.268611	2.303300	4.942876	-2.814847	0.737170	1.185626	2.870840
6398	3	6.461220	4.373314	-6.013906	-2.494664	4.713489	1.256866	2.276841	3.898427	5.713761	5.864083	6.461220	4.373314	1.059612	4.323836	-4.672056	-12.697210	6.281379	0.834189	4.888808	3.890998	6.461220	4.373314	-5.197204	4.113846	0.346692	-1.832054	4.956411	3.901681	4.902438	3.898569
6409	3	5.353908	4.959014	2.591529	0.282271	-4.617381	-10.768739	5.517226	-3.628568	4.272038	0.611016	5.353908	4.959014	-2.831169	-4.147803	4.503641	-0.545992	-1.031236	-0.360807	4.272348	0.686470	5.353908	4.959015	-8.343519	-9.582515	4.126143	2.487484	-1.020987	-0.361155	4.274150	2.710796
6464	3	4.806402	3.960294	3.381420	3.099407	-2.249902	-9.414668	3.749129	0.461604	2.825030	-0.656503	4.806402	3.960294	-6.501676	-7.311491	4.034769	4.635223	-0.767126	3.904286	4.762985	3.981647	4.806402	3.960294	-4.830529	-1.458959	5.552362	0.621055	-0.769852	3.917817	4.757143	3.288190
6477	3	4.210100	4.348815	-7.683265	-7.023711	5.110607	5.571049	-0.427035	-0.014070	3.949229	2.677124	4.210100	4.348815	4.185143	5.105385	-4.675581	-3.668492	2.798994	1.268075	0.509972	-1.515119	4.210100	4.348815	-7.618728	-1.170577	4.585073	1.291835	-0.434736	-0.008375	3.926398	2.622028
6503	3	3.423251	-0.383570	2.994048	2.398547	-5.764685	-3.886888	1.581674	-0.811947	0.104763	1.337324	3.423251	-0.383570	-3.456279	-2.259183	2.975824	3.971386	2.984727	4.650354	3.736296	4.375902	3.423251	-0.383570	3.058923	-1.438363	-1.177235	0.225365	1.782368	1.003943	0.824679	2.039906
6608	3	4.705725	3.138010	-0.897089	-1.425865	2.420421	-1.654604	1.182017	-0.309214	4.832226	5.481660	4.705725	3.138010	1.684284	4.111139	-5.703418	-11.495978	4.739238	-4.874233	4.587209	4.388842	4.705725	3.138010	-3.010842	-6.302311	2.947808	1.190965	-0.456912	-0.314703	4.835342	6.354334
6641	3	3.794845	2.634722	-10.714729	-6.756636	6.036798	9.542237	-2.750190	6.350323	-0.130347	3.861595	3.794845	2.634722	-0.101742	2.485778	-1.476826	-1.194174	3.666200	2.590680	-0.155487	2.658869	3.794845	2.634722	-0.102815	2.432331	-1.451573	-1.302223	3.666395	2.583622	-0.225187	2.312651
6642	3	4.637134	3.043552	3.459886	5.035793	-5.129258	-8.459227	7.621472	-2.783441	4.240934	1.747260	4.637134	3.043552	-3.436506	-6.225541	1.642250	7.640878	2.420065	2.847233	4.666590	5.446999	4.637134	3.043552	2.882570	-4.014622	-0.452512	0.714975	6.767955	3.210590	4.371753	2.522817
6713	3	5.399201	2.630218	-3.528040	-3.993796	7.019016	8.633151	-2.313844	4.788563	3.085136	2.461909	5.399201	2.630218	0.950812	2.289381	-1.678504	-2.672291	1.017956	1.583353	1.014840	1.381798	5.399201	2.630218	-1.024737	1.164132	0.575095	0.773417	1.764733	2.415905	2.444961	2.126946
6722	3	5.296158	4.030894	0.177293	-3.510426	0.493224	4.924636	4.589497	3.055201	3.886541	3.959926	5.296158	4.030894	-5.153751	-5.900284	5.290295	9.140633	-1.495571	3.112191	3.886541	3.959926	5.296158	4.030894	2.370551	-2.316062	0.389147	1.058810	4.599777	3.045283	3.868165	3.813602
6744	3	5.384830	5.436402	4.769608	5.718022	-5.774077	-6.018466	5.109596	0.297636	4.126358	1.294194	5.384830	5.436402	-5.400859	-3.041652	6.768923	12.146084	-0.274804	5.232169	5.204160	2.510065	5.384830	5.436402	-4.837813	0.815311	0.601970	10.155754	-0.271112	4.327657	5.204160	2.510065
6763	3	4.623629	2.456614	-10.178610	-5.528678	5.657528	3.717693	-1.844143	7.622036	2.622425	2.833768	4.623629	2.456614	2.210274	5.527727	-4.778784	-2.877072	4.445761	1.716271	2.572928	2.419586	4.623629	2.456614	2.142041	0.352685	-0.304240	-2.861507	4.441419	2.686629	2.573225	2.421958
6774	3	5.182660	3.433264	-0.429872	0.771929	-7.168035	1.770339	4.390160	0.180080	2.003494	2.248135	5.182660	3.433264	-1.110439	-1.134075	-6.767956	3.294962	4.937943	0.137513	2.163142	2.623219	5.182660	3.433264	-4.702773	-6.887602	5.061029	9.711878	1.710026	6.765568	2.163477	2.623952
6846	3	4.846519	3.412264	-0.300143	1.085847	2.612859	-2.626251	-1.910107	0.577467	4.093490	2.728444	4.846519	3.412264	-3.571232	-4.447544	4.286402	2.368268	-1.852950	0.106241	4.267329	4.922932	4.846519	3.412264	4.873354	5.911451	-3.233566	-5.603433	4.262909	-4.078374	3.875612	1.248368
6849	3	4.912395	-0.457996	1.572700	7.016272	-6.090476	-1.868113	1.115423	-1.667706	3.006025	1.858759	4.912395	-0.457996	-7.144364	-6.195157	3.925652	7.680177	-2.522160	4.623215	3.441736	4.223834	4.912395	-0.457996	-2.581093	3.392689	-1.960371	2.506915	2.731998	-0.354836	3.441600	4.222739
6857	3	2.814400	0.701107	-2.550621	4.158106	-0.491566	0.811451	-0.645334	1.357656	3.538670	2.449474	2.814400	0.701107	-5.722311	-1.641535	4.694571	4.993375	-0.270748	2.607866	3.725319	2.786720	2.814400	0.701107	2.100345	8.044707	-3.548170	-3.426858	0.942404	1.147702	2.616933	1.252334
6884	3	6.120555	3.364258	1.674660	1.477112	-6.854557	-6.838577	-1.162980	0.723091	-0.042064	0.577073	6.120555	3.364258	-4.321420	-0.467725	2.496056	0.021300	-3.245072	5.952651	0.519258	1.614689	6.120555	3.364258	-4.224981	-0.272091	2.278535	-0.524711	-2.502002	5.911524	0.448291	1.257273
6893	3	3.544395	4.417687	2.362342	3.700861	-3.484959	-12.704643	4.628390	-0.466023	3.278402	0.251817	3.544395	4.417687	-3.577894	-3.687947	5.494361	2.668490	-1.196732	2.674419	3.945455	3.637146	3.544395	4.417687	-1.983502	0.807632	2.575840	-0.562479	-1.332735	2.970175	3.739286	2.627892
6908	3	1.298906	0.338261	-6.268412	-6.226834	7.860721	5.797003	2.203597	7.624607	3.516648	2.945900	1.298906	0.338261	4.863294	5.116269	-4.215443	-12.723917	7.744535	1.359894	2.583987	1.033320	1.298906	0.338261	-1.591451	4.235986	1.780393	-3.642046	5.758091	7.750547	2.591012	1.046357
7000	3	3.083067	2.148001	-6.867393	2.549940	3.903657	-0.676376	-3.817950	2.874777	1.932689	3.462163	3.083067	2.148001	-0.656857	8.120545	-1.300677	-11.654814	2.416008	-1.846775	1.667349	2.744600	3.083067	2.148001	-13.049200	-3.227047	4.603993	4.069464	-3.814618	2.877086	2.072552	4.222646
7022	3	5.599581	2.325062	-0.529721	1.575520	0.705109	2.008714	1.178263	6.409710	1.183085	2.090049	5.599581	2.325062	-9.356183	-6.388956	5.962718	9.073802	-0.894863	7.450268	1.213979	2.125196	5.599581	2.325062	-3.810833	-2.571250	0.792063	8.932172	0.912032	6.454099	1.213976	2.125195
7039	3	5.616485	3.326865	5.294281	-4.378348	0.945019	-1.166215	2.894162	4.453538	3.009890	-0.124435	5.616485	3.326865	-2.759541	-7.089927	5.934824	3.415767	-1.533167	5.166999	3.313541	0.808213	5.616485	3.326865	5.610135	2.034193	-2.264498	-12.827251	4.040186	3.353170	2.998561	-0.178539
7072	3	3.425737	-0.219243	7.643894	7.397123	-4.136237	-3.623568	7.340903	1.216098	4.435143	2.409673	3.425737	-0.219232	-4.847383	-5.325951	3.445884	3.512816	5.402370	3.537811	4.477643	4.745172	3.425737	-0.219242	-3.889034	1.639891	-0.110420	1.582940	7.019501	3.161063	4.477642	4.744980
7083	3	4.786287	4.152807	-5.121179	-5.255290	7.451590	3.707908	-0.500396	5.285224	3.825372	3.920532	4.786287	4.152807	4.028720	2.645460	-1.273602	-7.171264	4.901828	1.490247	1.611173	0.915668	4.786287	4.152807	1.290968	-2.273253	1.845786	0.343478	-0.292371	4.616699	3.815407	3.812973
7104	3	5.261939	1.509918	-2.310052	-3.012511	5.447592	2.655832	4.387071	2.368876	4.902120	4.189660	5.261939	1.509918	-1.325693	-1.095590	6.128616	0.145755	3.756533	2.368915	3.940617	3.201625	5.261939	1.509918	3.175911	5.649764	-2.842625	-5.875127	4.984739	-3.791325	2.462014	1.976148
7106	3	5.064073	3.506379	-6.138643	-1.514903	5.527404	2.537893	1.585540	4.279150	4.247886	2.501044	5.064073	3.506379	-1.592541	4.864207	1.711308	-3.701672	3.777038	5.500718	3.766756	-2.410200	5.064073	3.506379	4.589223	7.244583	-2.737931	-9.341324	6.278263	1.690971	3.766725	-2.410382
7119	3	4.547082	3.223643	6.097513	-0.822478	-0.334296	-4.189924	4.299883	1.908520	3.741143	3.647578	4.547082	3.223643	-4.898105	-9.289879	4.240648	2.672884	1.918949	2.508095	3.970338	4.831619	4.547082	3.223643	1.668382	-3.357625	1.615356	-2.596648	3.173216	2.410802	3.871279	4.232805
7201	3	5.738566	3.965130	1.269534	-3.853079	0.704804	1.386467	5.226609	6.874129	2.764508	2.637984	5.738566	3.965130	0.417429	0.962545	-4.853917	-2.924922	2.938663	1.332582	0.259259	-0.322102	5.738566	3.965130	-6.403751	-8.056953	3.805398	8.735169	0.552022	6.626264	3.532106	4.295943
7238	3	2.910391	1.819434	-7.038527	7.292942	-0.283600	0.082003	4.799597	-3.482779	4.914533	2.737585	2.910391	1.819434	-11.036606	-5.459855	5.183847	5.035334	-0.562190	1.648203	5.360767	4.537028	2.910391	1.819434	-10.195080	0.779036	3.153118	0.800338	2.216866	1.648840	5.358002	4.351622
7253	3	5.381242	2.609139	4.249837	4.894101	-0.770786	-8.171500	3.330309	5.588726	1.854678	0.914291	5.381242	2.609139	-0.258829	3.716124	2.716412	0.009779	0.340262	5.733425	2.221723	1.300735	5.381242	2.609139	-6.790411	-3.207280	5.771556	4.126342	-0.682447	5.090100	3.200828	3.745022
7472	3	5.276825	4.471104	-5.270428	-6.737362	6.033809	8.034444	0.983628	5.481205	2.533143	2.970782	5.276825	4.471104	0.470077	-0.899209	2.238028	-0.456691	3.106507	5.751949	2.122044	2.030184	5.276825	4.471104	4.390129	0.593204	0.035016	-4.179986	3.163819	3.222262	1.548909	0.931661
7534	3	3.669134	1.672101	-8.845897	-7.996284	3.821230	7.522188	0.022073	8.506656	2.268438	2.343662	3.669134	1.672101	2.430232	4.395796	-5.018129	-2.862323	2.007146	3.020056	1.174019	-1.855255	3.669134	1.672101	-4.752989	0.824194	0.367226	2.125223	1.993662	8.576534	1.408099	1.621675
7623	3	4.079955	-2.588478	-3.378481	-0.456840	5.340855	-0.019442	-1.380386	-1.237148	3.381657	-0.272843	4.079955	-2.588478	-7.936394	-6.511906	5.035116	4.173101	-0.790308	-1.490389	3.689603	2.524344	4.079955	-2.588478	2.716433	0.663451	0.267098	-3.336440	2.687240	-4.428062	2.787137	-3.342910
7648	3	4.060923	3.676439	1.122233	-4.157825	1.053096	0.119451	4.562579	7.304942	3.483569	1.636851	4.060923	3.676439	6.187279	-0.653783	-0.245045	-3.655461	4.943531	7.407392	3.381433	-2.654296	4.060923	3.676439	-2.334159	-9.295735	5.520850	4.160187	0.958236	7.253555	3.527888	1.964813
7650	3	4.142076	3.459356	6.334730	2.735097	-0.713197	-3.966484	6.669036	6.397139	4.040398	2.439373	4.142076	3.459356	-5.446735	-8.948668	3.275065	3.118498	2.559615	4.488526	4.895306	5.742240	4.142076	3.459356	1.298994	-6.102886	2.745228	0.261821	3.290848	4.489559	4.895042	4.896107
7681	3	4.578350	0.610227	-6.991410	-5.386643	4.584493	3.710548	0.583229	0.997847	3.604783	4.363031	4.578350	0.610227	3.337168	1.399662	-3.767467	-7.727945	3.925255	-5.520709	3.157639	0.694219	4.578350	0.610227	-1.400478	0.268268	1.260415	-0.906712	2.164581	-0.575447	3.166039	0.732610
7719	3	5.238607	3.184630	-2.264762	-11.061201	6.748498	1.733021	0.128602	0.335159	2.609751	1.736045	5.238607	3.184630	5.482728	0.383615	-1.426328	-9.977059	6.408997	0.728401	2.278445	-0.588874	5.238607	3.184630	4.924486	-1.830884	1.595792	-5.864717	4.824376	0.806832	2.278445	-0.588874
7733	3	5.776521	3.649019	3.994713	4.798804	-2.718960	-8.398984	4.086918	-2.292511	2.059195	0.403423	5.776521	3.649019	-3.247169	2.108996	3.355700	0.097178	1.222172	3.237194	3.241087	3.494774	5.776521	3.649019	-5.888022	-4.758362	8.566083	2.396658	1.713233	2.003827	3.812742	3.890639
7825	3	5.096862	2.452090	1.650853	4.979706	-5.338111	-3.235347	2.271943	1.873027	3.710193	0.582519	5.096862	2.452090	-6.399893	-2.868954	6.158463	3.430077	-2.936931	6.159800	4.523499	3.218644	5.096862	2.452090	-2.593714	2.402830	0.840485	0.512186	2.242451	2.904360	4.153215	1.822871
7849	3	2.931138	4.139011	2.828514	3.848507	-4.587502	-10.502338	8.947988	-7.035800	3.890766	0.165097	2.931138	4.139011	-3.243554	-2.599988	7.109184	-2.098684	3.880947	-1.423794	3.944200	0.419409	2.931138	4.139011	1.797804	-2.504535	1.923166	-4.265930	4.086546	-1.469407	3.890776	0.165145
7873	3	4.058319	1.873235	2.202299	1.878228	-3.494463	-7.082515	1.446176	-0.796723	1.821017	-0.373313	4.058319	1.873235	0.576866	-6.854907	1.846327	5.760681	0.757317	3.490036	3.593074	3.601642	4.058319	1.873235	-4.703091	-7.198970	4.855569	8.547134	-1.551739	3.887468	3.593847	3.608734
7876	3	3.747682	0.907781	3.931291	7.112310	0.586452	-3.177234	7.689925	0.742950	2.717335	-0.561981	3.747682	0.907781	-2.193451	-2.773275	6.560843	4.528784	1.985199	0.628814	3.261922	2.957825	3.747682	0.907781	1.354837	0.482085	3.626901	-1.301930	3.702284	0.955459	2.788280	-0.127084
7908	3	6.019158	3.473222	-5.697710	-2.295277	2.174710	5.949679	0.979457	1.244663	4.830247	3.597053	6.019158	3.473222	-0.991411	-0.441968	-0.814398	4.325950	1.058058	-1.113373	4.830247	3.593609	6.019158	3.473222	5.641489	5.655559	-5.901286	-2.910101	1.335035	-5.119810	4.821200	0.474412
7977	3	4.904510	2.896954	2.757421	1.137632	-4.613502	-3.207634	-0.140938	2.533150	0.823155	1.653338	4.904510	2.896954	-5.141257	-8.293858	4.406287	4.161202	-2.200493	8.181530	1.828728	3.344708	4.904510	2.896954	-1.293510	-4.920200	5.585267	-1.160901	-2.286783	8.183754	1.354493	2.604043
7990	3	5.224766	2.808826	1.889695	7.593038	-3.414324	-3.923191	3.136685	3.147576	0.241036	1.167325	5.224766	2.808826	-10.892985	-1.613856	4.317620	2.906083	-0.998258	9.382919	1.402130	3.551422	5.224766	2.808826	-3.761529	6.362720	-0.825456	1.183471	3.867534	3.144744	0.910667	3.316607
8022	3	5.268182	0.986747	-3.820599	-7.421062	5.464996	2.283265	1.460377	2.447384	2.088569	4.779385	5.268182	0.986747	-0.579963	-6.641230	7.598678	0.511746	0.326862	2.456407	1.540853	3.229330	5.268182	0.986747	4.530316	1.238135	-0.383313	-6.786019	-1.929986	-2.326407	0.241773	1.832353
8043	3	4.279119	3.823953	-2.853409	-8.601020	2.087286	4.720635	2.814864	5.255513	4.080034	3.751637	4.279119	3.823953	1.822258	2.987333	-6.159780	-11.056799	5.976164	1.004256	3.486746	2.019697	4.279119	3.823953	1.148785	-1.587647	0.388495	-0.667004	3.544452	3.959205	3.522885	2.083834
8172	3	2.756780	3.097294	-2.069608	-9.959854	-1.274735	5.101252	3.331515	3.713715	1.515039	3.784213	2.756780	3.097295	-6.032682	-12.812703	4.902855	6.352659	0.176522	5.028560	1.515039	3.784213	2.756780	3.097294	1.273234	-9.952653	-1.360868	0.839932	3.347001	3.622187	1.513277	3.783472
8174	3	5.647609	4.190317	-12.404305	-6.463928	5.167591	6.867912	-1.151727	6.106562	2.095942	4.875941	5.647609	4.190317	-8.733303	-0.137417	-0.461908	3.830381	-1.152074	5.932472	2.095676	4.842749	5.647609	4.190317	-8.629949	1.439788	-0.846275	1.255444	-1.154221	5.651420	2.094128	4.693302
8218	3	5.241935	1.980621	6.706532	6.741576	-4.547034	-11.349560	6.729068	-1.001078	3.574692	-0.004855	5.241935	1.980621	5.242291	-4.186580	1.842712	-0.113086	4.055069	4.650356	3.835367	2.045911	5.241935	1.980621	-2.884747	-4.771957	4.692084	3.421264	4.031259	4.397459	3.935987	4.565785
8291	3	5.368185	5.300985	-6.493632	-7.443804	4.607917	4.075020	-1.210523	3.256478	3.804771	3.236153	5.368185	5.300985	0.196016	-6.846500	1.832074	0.366766	0.830376	2.517139	3.773423	3.003884	5.368185	5.300985	3.056238	3.105633	-3.812145	-5.491879	1.550409	-0.408561	3.761198	2.926231
8310	3	4.139802	1.380589	3.434629	4.814577	-1.052064	-2.118585	0.949735	-0.002221	-0.461188	-1.722491	4.139802	1.380589	-6.086094	-4.372509	6.505459	8.960206	-1.899507	5.922196	0.386379	3.349833	4.139802	1.380589	-3.344721	1.436467	1.583006	3.811586	0.766013	4.644872	0.386379	3.349833
8330	3	4.989610	3.780369	-8.312972	-5.553658	2.663484	5.722716	-4.366099	0.832668	2.821096	4.420198	4.989610	3.780369	-2.577208	1.886893	-2.266543	0.321883	-0.005220	-0.896530	2.810320	3.986945	4.989610	3.780369	2.943214	3.466181	-2.742307	-4.989782	-0.061173	-1.116975	2.776769	3.668593
8331	3	4.900283	3.164701	5.885568	-4.083247	-2.092368	1.574513	3.824352	-2.411462	4.617602	4.770449	4.900283	3.164701	-4.831253	-8.969051	2.836483	8.869984	2.102743	4.111684	4.617602	4.770656	4.900283	3.164701	6.607809	0.898198	-0.273029	-2.942165	0.397638	-0.132385	3.732254	2.801048
8407	3	4.646771	4.562007	-5.826425	-7.399447	6.721403	6.383008	-1.674646	7.068368	2.677325	2.228746	4.646771	4.562007	4.741579	3.016459	-2.187402	-16.822635	2.447279	2.247996	0.746725	-1.970755	4.646771	4.562007	-1.301117	1.472401	2.965854	-0.685627	0.803746	7.226381	1.954465	0.752406
8411	3	5.056685	2.534526	-2.647191	4.381072	0.157968	0.790411	6.091979	6.575901	1.433774	1.576634	5.056685	2.534526	-5.996248	-4.506219	5.844120	9.914016	0.371637	1.970808	3.160538	2.735485	5.056685	2.534526	3.308781	4.651661	-4.939193	-3.621528	6.058132	1.482010	1.051178	0.839225
8472	3	5.018447	4.184672	-0.372652	-1.522421	-1.945162	6.936107	4.089636	2.643620	1.865226	4.336345	5.018447	4.184672	5.365688	-0.801032	-8.716805	0.087324	5.655237	2.273973	1.721710	3.861519	5.018447	4.184672	4.878585	1.022831	-8.274328	-0.450168	5.492914	2.276149	1.297265	3.077620
8492	3	5.340853	2.794350	-2.854088	-4.691009	5.670668	7.284833	-0.542051	3.139165	4.017291	3.397517	5.340853	2.794350	6.527679	3.831565	-0.481974	-9.821527	5.675110	-2.072417	3.803092	1.063173	5.340853	2.794350	3.527969	-1.486104	4.984137	-0.657952	-0.570341	3.142870	3.923462	2.080730
8536	3	5.508586	3.822073	1.514723	-0.365425	-3.550106	-1.385680	-0.267132	2.477229	2.500235	1.115718	5.508586	3.822073	-4.236454	-6.671733	6.742267	2.601621	-5.082362	5.823844	3.047726	2.678813	5.508586	3.822073	1.555621	-0.395113	-3.594358	-1.445126	-0.353187	2.470532	2.267484	0.642146
8545	3	4.136619	3.903247	-1.096036	-5.977593	0.104766	0.637146	3.465311	-1.799526	2.297526	2.007495	4.136619	3.903247	3.742469	3.353289	-3.289581	-5.266925	3.779523	-3.792813	2.295509	-1.286243	4.136619	3.903247	-5.329082	-6.017221	3.187226	3.748456	2.191108	1.561120	3.942150	4.091245
8569	3	4.760408	1.788426	4.379297	2.757544	0.210042	-5.863638	3.337170	1.253663	1.682879	1.869023	4.760408	1.788426	-2.524110	-2.032192	5.024744	5.610829	1.385682	1.139409	3.638700	4.061188	4.760408	1.788426	1.147455	2.435832	2.764330	-1.903193	1.992463	3.276918	2.158556	2.623167
8589	3	3.468574	1.238262	3.912454	-3.218129	0.174300	-4.785758	5.122858	0.343345	2.407887	-1.824437	3.468574	1.238262	8.319815	2.644403	-6.120680	-10.553872	6.205172	-0.020080	2.407887	-1.824437	3.468574	1.238262	-1.287382	-6.028671	2.233914	3.692686	5.147248	4.573365	3.117747	0.904929
8623	3	4.533473	1.718630	3.758091	3.836658	-6.446284	-2.727917	1.515713	2.287434	1.432627	0.048480	4.533473	1.718630	-2.425233	1.644074	-1.384805	2.910483	1.310588	2.507493	1.536610	0.496714	4.533473	1.718630	-3.375282	-4.624700	5.349579	8.292281	0.241514	7.998379	1.544316	0.532801
8640	3	1.945888	1.741187	3.519114	6.986395	-3.071299	-6.928695	5.878468	4.597657	3.444874	0.330920	1.945888	1.741187	-7.671618	-4.527724	2.624251	6.652417	3.634733	7.349626	3.496764	4.149276	1.945888	1.741187	-6.221025	-0.452529	3.501899	1.374958	3.627635	7.440913	3.496637	3.165588
8667	3	3.689985	2.506971	-4.978359	-5.519014	6.598368	2.363568	2.757408	7.027734	2.476912	4.061780	3.689985	2.506971	1.573615	1.740787	-3.969165	-6.746050	4.308470	3.575384	1.916771	0.770690	3.689985	2.506971	-3.266970	1.126861	1.438589	-0.632339	2.740545	6.660385	2.345296	2.736629
8715	3	4.589984	2.454276	1.368662	-8.322815	1.497574	6.067987	1.703785	2.094590	0.938779	0.855259	4.589984	2.454276	-3.546010	-8.325261	7.015621	8.009543	-0.045053	2.174191	0.938793	0.855331	4.589984	2.454276	5.320809	2.948210	-4.149821	-9.345978	6.337001	-2.578674	0.747244	-4.341357
8736	3	6.639359	4.255269	2.008189	4.141227	-2.683700	-12.609950	6.714378	0.832766	3.998055	4.029212	6.639359	4.255269	-3.789856	-2.225554	5.151068	-3.470375	5.044751	4.193542	3.998055	4.029212	6.639359	4.255269	-5.664107	-6.223046	5.652937	1.934220	5.043607	4.215404	3.999249	4.035230
8764	3	4.584673	-0.468655	-6.356791	-8.504965	5.970753	3.664242	1.822876	4.907861	3.666448	4.473787	4.584673	-0.468655	4.659858	3.482546	-0.356455	-8.171022	7.876469	-0.344542	3.613356	3.828687	4.584673	-0.468655	2.608031	-2.568472	2.695800	-5.705236	2.244392	5.076521	3.613356	3.828687
8786	3	1.944308	1.563196	-2.069474	1.848987	2.259337	-1.216235	3.933226	3.671136	4.882116	3.456488	1.944308	1.563196	-6.524187	-4.954902	4.927692	7.066765	1.552457	3.354642	5.023011	4.496398	1.944308	1.563196	3.419616	6.904869	-0.759379	-10.033324	6.675630	-1.673230	4.753101	2.844803
8840	3	4.328018	3.768024	-5.768215	-6.618127	4.379782	7.870564	-1.890216	3.608231	4.439250	4.811334	4.328018	3.768024	3.965615	4.733728	-5.437894	-6.663962	3.803238	-1.003972	3.271930	2.355732	4.328018	3.768024	-2.291564	3.707743	-0.102746	-0.694692	4.339095	-0.568033	3.826643	3.021196
8921	3	5.498494	1.787026	-5.843109	0.640981	1.573795	1.265052	6.380298	5.429360	1.946667	2.328672	5.498494	1.787026	2.016596	3.416930	-3.474437	-10.919083	5.541416	1.844078	-0.119595	-0.274945	5.498494	1.787026	-10.555751	-1.575972	4.863380	5.151663	1.270617	6.246490	2.399676	3.777041
8959	3	3.470137	2.574474	-0.505607	0.717413	-1.080424	-0.319274	3.123576	5.381645	2.421218	3.573026	3.470137	2.574475	-6.063752	-6.979716	1.312240	3.579130	0.530978	6.907464	2.424877	4.105296	3.470137	2.574474	-5.007266	-1.715269	-1.737468	2.570264	3.143252	4.534539	2.424659	4.039587
9005	3	6.180678	4.568858	-11.600879	-7.364076	5.192551	3.599428	-2.605136	1.315235	3.993790	4.261331	6.180678	4.568858	-4.903754	3.853631	0.461601	-0.277413	3.266995	-2.675057	3.993708	2.284935	6.180678	4.568858	-1.115833	3.947690	-4.993864	-1.058694	3.548053	-3.050486	3.993692	2.242529
9022	3	3.691884	4.304426	-4.283502	-0.097524	-3.335625	-2.810336	8.867336	-0.373221	2.537106	3.239422	3.691884	4.304426	-9.409885	-8.499720	2.031759	3.688394	7.583377	4.363341	2.699139	4.492650	3.691884	4.304426	-7.345086	-3.527095	2.012410	1.005039	7.605310	4.368873	2.678363	4.318892
9044	3	3.476681	3.224989	-5.680949	-7.136329	5.495566	4.161715	0.843328	4.707442	4.215215	3.208852	3.476681	3.224989	6.261129	1.321612	-4.977761	-15.692581	6.292569	-0.761491	4.134583	-0.719431	3.476681	3.224989	3.978453	-2.606846	1.485596	-2.007416	3.612148	3.354862	4.134583	-0.226904
9050	3	5.171203	3.840856	-5.518177	-3.772308	1.425617	4.136599	1.281408	4.116478	1.255952	3.958788	5.171203	3.840856	0.003202	1.909915	-0.583014	-7.565747	1.929928	-0.004274	1.035280	0.862849	5.171203	3.840856	3.122735	1.928667	-5.208464	-9.920579	1.986100	-0.656972	1.035280	0.862849
9065	3	4.749792	3.137117	1.775179	5.496356	-3.806048	-4.835228	6.804295	1.093859	3.552684	2.107329	4.749792	3.137117	-2.674107	-0.777825	-0.799838	3.044648	6.804900	3.421567	3.554893	5.330335	4.749792	3.137117	1.672127	-0.778317	-0.830317	0.873161	6.804798	3.399701	3.554535	2.980111
9106	3	5.696488	2.547094	-3.608436	-2.907291	1.339328	9.251201	-0.571859	6.088025	3.665051	3.015916	5.696488	2.547094	2.930726	-0.325248	-3.605161	-0.052719	3.996088	0.864095	3.371662	2.704928	5.696488	2.547094	-8.362220	-7.154574	7.798181	9.471182	-0.818455	6.415206	3.665051	3.015916
9158	3	5.582496	4.236369	-4.216638	4.026886	0.839338	-5.831586	4.699299	1.384814	4.608567	0.870288	5.582496	4.236369	-10.264333	-7.238576	6.273274	5.141438	0.065156	1.892537	4.681643	3.008574	5.582496	4.236369	1.969851	4.943747	-4.336419	-14.827869	5.004115	-1.777913	4.608556	0.870241
9281	3	4.237835	0.653763	1.498335	-3.061050	3.506234	-1.640430	-0.722175	7.818646	2.263487	1.375243	4.237835	0.653763	4.131469	2.282735	-3.047207	-5.563824	3.860627	2.361358	-0.945818	-2.824741	4.237835	0.653763	-0.124728	2.093770	-0.654440	-2.324787	3.659618	2.373987	-0.562222	-1.292602
9432	3	5.226774	4.015953	6.637999	2.095067	-5.623306	-17.026257	4.727577	0.507551	2.754634	-2.791414	5.226774	4.015953	-2.754813	-1.316688	4.591075	-0.073795	-0.302960	5.389650	2.754690	-0.680837	5.226774	4.015953	-3.981690	-5.863890	4.591490	6.380312	-0.129703	5.117734	3.095299	2.101206
9434	3	2.929133	-0.884994	1.671193	-0.025749	-5.358443	-2.144815	-0.509444	3.994853	2.224706	2.703486	2.929134	-0.884994	-4.454801	-9.752110	4.438847	2.068266	-3.221533	6.267884	2.559953	4.271674	2.929134	-0.884994	1.790061	-1.669597	-1.428829	-0.790833	-0.551828	6.349342	2.383029	3.348687
9496	3	5.247058	4.297045	1.769964	4.603410	-2.297026	-5.163598	2.401179	-3.532379	0.988579	-1.284655	5.247058	4.297045	-3.852764	-0.257493	6.404488	-0.699834	-0.369829	0.337910	1.594749	1.408523	5.247058	4.297045	-5.918084	-2.516271	6.064827	1.202698	0.622630	0.000128	2.178998	3.499582
9520	3	5.783178	-0.162239	-5.248753	-5.216157	6.252455	9.799813	0.825775	4.324580	3.293421	3.807193	5.783178	-0.162239	5.932770	4.814978	-2.253872	-8.590522	6.113638	1.326640	2.972332	0.105917	5.783178	-0.162239	-0.489178	2.746220	1.396473	0.902305	5.045681	3.533053	3.178239	1.644457
9640	3	2.031343	2.948288	-3.792835	-4.940739	1.762038	5.450656	4.342680	5.202026	2.436177	4.176366	2.031343	2.948288	3.557871	0.942510	-6.683889	-7.053706	5.287124	0.296894	1.809633	1.593257	2.031343	2.948288	-2.018691	0.983051	-3.233562	-0.898946	5.355396	2.663037	2.053586	2.471250
9684	3	6.232736	2.737091	0.489257	4.571951	-3.133673	-3.284499	3.218021	2.428790	3.030718	2.395664	6.232736	2.737091	-10.413327	-5.957599	5.039551	7.528399	-1.569915	3.183098	4.146408	4.227389	6.232736	2.737091	-4.321132	-0.820733	-0.376166	4.293689	4.475909	2.399222	4.146408	4.227388
9724	3	4.826667	1.696386	2.844834	3.531561	-5.789980	-5.521567	0.324202	0.760156	1.591302	-0.570722	4.826667	1.696386	-1.297201	-2.229283	-0.398100	7.962386	-0.199487	6.345514	1.621683	2.359724	4.826667	1.696386	-7.329956	-8.011719	6.017612	9.057601	-3.449744	6.348669	1.621683	2.359724
9741	3	4.810614	2.206217	-3.842479	-9.035718	7.135486	7.558780	2.935031	6.589489	4.309361	3.928894	4.810614	2.206217	4.617708	-5.648901	0.969939	0.552653	5.488482	6.172157	4.309360	2.893069	4.810614	2.206217	6.584566	1.911170	-2.621339	-7.420883	6.920068	2.378237	4.071793	-0.812726
9859	3	4.928779	5.740627	-2.329817	-6.483569	3.948248	1.379357	-5.109358	4.537270	2.461564	2.938784	4.928779	5.740627	-2.517581	-6.875937	3.971699	1.432199	-5.291431	4.628200	2.259336	2.936748	4.928779	5.740627	-2.224736	-6.281372	3.966506	1.148540	-5.080940	4.577861	2.229027	2.829534
9860	3	4.827199	4.172176	3.427751	5.324096	-2.876410	-10.119195	3.263263	2.893239	3.699078	2.143540	4.827199	4.172176	-6.212231	-4.368228	7.257406	5.302864	-1.892292	6.835218	3.727519	3.046391	4.827199	4.172176	-2.621372	4.294818	1.894313	-2.842461	2.361428	6.244717	3.699086	2.143728
9960	3	5.065828	4.518501	-5.146544	-6.568185	6.858958	5.995630	1.218163	-2.845365	5.502571	3.800796	5.065828	4.518501	0.522937	-2.683790	4.377629	-1.059254	3.071298	-1.990923	4.902464	1.806917	5.065828	4.518501	-1.117509	-4.477814	6.639919	1.987527	1.263230	-2.845363	5.502570	3.800781
9977	3	4.199082	3.941578	8.195116	3.832801	-4.190943	-6.664176	5.205600	1.653189	3.865871	-0.489458	4.199082	3.941578	1.100262	-6.117868	1.302379	7.253451	0.446809	4.180000	3.966456	1.306476	4.199082	3.941578	-4.956596	-6.662405	5.549088	8.839721	-0.062797	4.431991	3.966457	1.306480
9996	3	5.416239	3.844560	-1.986435	-8.329919	3.774418	1.651526	2.769354	3.008799	4.350021	4.169226	5.416239	3.844560	2.054061	-8.198014	-0.135881	0.144128	3.665699	5.655331	1.114050	2.429977	5.416239	3.844560	-1.004695	-7.815963	4.289253	1.115882	2.651875	3.052909	4.254155	3.945469
