88	3	-2.485	-2.2543	-1.1764	-11.015	-3.1159	-9.4297	-1.8357	-0.60967	-7.4893	-7.0459	-2.485	-2.2543	-11.175	-20.286	0.30129	1.8903	-6.8426	1.2081	-7.2551	-4.1272	-2.485	-2.2543	-1.24	-13.395	-2.2465	-9.3629	-1.86	0.00024158	-7.4893	-7.0423
101	3	-2.7864	-2.8653	-2.5752	-9.2259	-7.0347	-9.1173	0.80805	-1.7643	-2.1083	0.72537	-2.7864	-2.8653	-8.1955	-14.636	-1.9564	-1.0072	-4.6775	1.0726	-2.1083	0.7256	-2.7864	-2.8653	-2.5014	-4.6312	-9.9998	-11.318	0.80118	-1.775	-2.1345	-0.20213
265	3	-4.4276	-5.8693	-8.084	-11.102	-1.0084	-2.1079	-4.801	-1.9036	-0.98917	-2.1194	-4.4276	-5.8693	2.281	-2.5219	-10.619	-16.734	-1.494	-4.1247	-1.8745	-5.7041	-4.4276	-5.8693	2.0949	-7.3161	-5.0275	-10.14	-2.6745	-2.1577	-1.8738	-5.0504
276	3	-1.812	-0.44713	-12.027	-10.698	-0.20202	-6.5645	-7.3931	-6.7457	0.67868	-4.3028	-1.812	-0.44713	-0.99407	-3.9502	-7.7823	-11.355	-2.3098	-4.0155	-0.35717	-5.8523	-1.812	-0.44713	-10.11	-5.2309	-4.5738	-8.0781	-7.3966	-6.6594	0.64856	-4.4606
326	3	-2.318	-3.9639	-1.6675	-4.5036	-9.7702	-13.536	2.4535	-4.2173	-2.7278	-3.8945	-2.318	-3.9639	-9.3236	-14.686	-1.6917	-0.18809	-3.4676	0.23058	-2.3872	0.71931	-2.318	-3.9639	-1.7885	-10.638	-5.0492	-10.213	2.4049	-0.74105	-2.7029	-3.6964
331	3	-2.6485	-3.0243	-1.236	-5.4772	-15.06	-9.9507	-2.3751	-7.2214	-7.198	-7.0702	-2.6485	-3.0243	-7.5183	-12.881	-3.9537	3.0626	-7.6561	-1.5525	-5.2086	-2.5359	-2.6485	-3.0243	-1.3412	-8.9227	-10.348	-1.6274	-3.1276	-3.3178	-5.2086	-2.5359
340	3	2.5176	-6.6244	-11.523	-7.8871	2.0608	-4.4837	1.0436	-6.0791	-4.3594	-4.5785	2.5176	-6.6244	-0.27771	1.5518	-6.4868	-18.912	1.1402	-9.6056	-5.1336	-5.8663	2.5176	-6.6244	-5.7137	-0.18683	-2.8148	-11.558	1.0202	-6.2447	-4.6333	-5.103
344	3	-0.93989	-3.6799	-7.6646	-12.83	-0.58765	-5.5355	-7.7328	-1.1007	-2.8719	-4.3835	-0.93989	-3.6799	-4.9171	-2.1428	-5.0425	-14.351	-4.3051	-3.4478	-5.927	-8.1508	-0.93989	-3.6799	-4.265	-6.4662	-2.6592	-9.2794	-2.8019	-0.91932	-4.217	-6.4331
347	3	-1.4868	-3.8971	-3.9438	-6.7191	-6.5975	-14.293	3.0812	2.4002	-4.5996	-4.9794	-1.4868	-3.8971	-4.2856	-12.513	-5.8698	-11.197	4.922	1.65	-2.2918	-3.2021	-1.4868	-3.8971	-9.8402	-15.109	-0.65857	-10.902	4.9192	1.6746	-2.1154	-2.7473
385	3	-4.8955	-4.5295	-13.325	-17.094	3.6291	0.032438	-8.0684	1.9644	-6.9623	-4.3501	-4.8955	-4.5295	-3.2187	-4.7624	-7.2628	-10.76	-3.9921	-1.207	-6.9625	-4.6928	-4.8955	-4.5295	-7.2312	-10.574	-2.5205	-0.9343	-3.9921	-0.37727	-6.9623	-4.3503
492	3	-2.3018	-7.1625	-13.635	-13.92	-0.81719	-2.9922	-2.4334	-1.3099	-3.7977	-3.6348	-2.3018	-7.1625	-3.522	-6.1642	-8.2513	-11.853	-0.42522	-4.7022	-4.977	-5.9268	-2.3018	-7.1625	-3.5133	-6.1667	-8.2514	-11.863	-0.44827	-4.6881	-5.0013	-5.9781
499	3	-4.3744	-8.5948	-3.2457	-11.416	-5.8152	-11.418	-5.5428	-10.456	-5.9855	-5.7969	-4.3744	-8.5948	-9.304	-11.289	-0.15639	-9.0664	-5.0668	-8.5945	-2.6671	-2.0986	-4.3744	-8.5948	-1.9534	-6.7473	-8.8969	-13.821	-5.5262	-10.582	-5.9855	-6.1024
513	3	-3.2938	-3.3289	-3.3323	-3.4711	-7.1896	-25.489	-1.9831	-6.0461	-2.6513	-2.1365	-3.2938	-3.3289	-7.7793	-8.7793	1.2028	-8.7836	-7.524	-0.52297	-2.6482	-2.0896	-3.2938	-3.3289	-12.677	-8.8028	2.0737	-6.4741	-7.655	-0.53237	-2.5995	-1.7259
532	3	5.0085	-2.043	-11.356	-10.811	-2.7041	-8.4412	-8.6673	-8.8751	1.9827	-4.1913	5.0085	-2.043	-5.758	-5.1191	-4.426	-10.942	-6.7062	-9.0849	1.8032	-4.5067	5.0085	-2.043	-2.9622	-0.81799	-6.5569	-15.029	-4.8395	-9.1909	0.53037	-5.9407
534	3	-2.1731	-0.808	2.53	-0.97158	-11.433	-13.937	-3.2301	-6.1042	-6.7663	-10.528	-2.1731	-0.808	-3.5866	-8.5195	-5.7641	2.503	-7.6755	-1.1911	-5.2041	-5.3917	-2.1731	-0.808	-0.59958	-7.6128	-5.8233	-3.6625	-7.6705	-1.1896	-5.2051	-5.3953
569	3	-4.4654	-2.7639	-20.032	-12.204	-6.2323	-5.3323	-1.8745	-0.44732	-3.9489	-2.3577	-4.4654	-2.7639	-8.7925	-5.5692	-9.7323	-13.836	2.789	-3.0285	-3.9759	-3.6783	-4.4654	-2.7639	-11.921	-7.9561	-6.578	-12.519	-0.81481	-0.48072	-3.9608	-3.3165
600	3	0.84942	-1.9552	-14.539	-9.4866	-3.2008	-7.8938	-4.1511	-3.0098	-3.3759	-2.2476	0.84942	-1.9552	-5.413	-1.5362	-12.419	-17.668	-0.00063043	-8.0917	-3.3815	-3.0577	0.84942	-1.9552	-13.172	-2.2568	-7.8562	-13.674	-3.0392	-6.4155	-3.3765	-2.4419
627	3	-2.625	-3.152	-5.1463	-6.7997	-7.8825	-25.749	0.66201	-5.9158	-3.8834	-7.7999	-2.625	-3.152	-5.2215	-10.854	-5.885	-17.815	0.60156	-3.2126	-3.8834	-7.7999	-2.625	-3.152	-13.667	-11.147	-2.313	-5.7608	-4.2352	-2.164	-2.4982	-5.6402
687	3	-1.6859	-4.2703	-6.4403	-2.38	-8.1774	-11.619	1.4592	-0.51909	-4.404	-6.651	-1.6859	-4.2703	-11.264	-10.975	-2.3106	-3.2135	-3.5801	0.96142	-3.4054	-3.3019	-1.6859	-4.2703	-6.2582	-5.6847	-4.9402	-8.5655	-1.0399	-0.42725	-3.7631	-4.374
741	3	-1.6643	0.39856	-3.935	-15.554	-2.0767	-9.2506	-5.0586	-3.6094	-4.8815	-3.9506	-1.6643	0.39856	-0.33924	-7.0497	-8.2286	-19.448	-1.8501	-9.561	-5.2429	-4.8267	-1.6643	0.39856	-9.8873	-17.642	-2.7671	-6.791	-4.6391	-3.6886	-4.5609	-1.5509
759	3	-3.242	-2.1942	-5.0729	-2.9016	-10.644	-15.681	0.33167	-5.0186	-4.6547	-3.844	-3.242	-2.1942	-17.271	-6.0218	-3.0614	-7.1889	-2.5218	-0.40947	-3.0601	-2.2983	-3.242	-2.1942	-17.295	-9.7467	-2.6814	-0.9836	-2.5318	-0.40927	-3.0601	-2.2983
774	3	-1.1109	-3.2515	-12.725	-13.13	-2.2966	-3.4727	-4.6765	-3.4475	-2.2501	2.3587	-1.1109	-3.2515	-1.3861	-7.1226	-7.5969	-18.506	0.42259	-3.3605	-2.8902	0.60046	-1.1109	-3.2515	-1.2099	-5.3894	-11.318	-20.844	1.1875	-5.2185	-2.8902	0.60046
778	3	-5.4828	-4.7611	2.2403	-3.0541	-13.201	-19.8	1.5447	-5.3871	-3.427	-7.0582	-5.4828	-4.7611	2.2283	-10.153	-7.1946	-11.187	1.5346	-1.5797	-3.4252	-6.7127	-5.4828	-4.7611	-8.012	-13.504	-1.7315	-4.5013	-3.2289	-3.6484	-2.2067	-2.8548
794	3	-0.83851	-3.48	-4.2842	-9.2058	-12.395	-14.724	-4.5192	-4.5213	-5.2605	-4.695	-0.83851	-3.48	-14.767	-18.23	-4.0553	-4.5459	-3.3403	1.1905	-1.8365	-1.9234	-0.83851	-3.48	-2.6562	-14.699	-9.3384	-9.8496	-0.02536	1.1858	-2.0096	-2.7679
819	3	-1.9251	-5.7624	-11.411	-12.385	1.1831	-6.3107	-11.143	-2.1432	-2.5351	-4.6405	-1.9251	-5.7624	-0.16294	-4.5496	-7.1478	-16.364	-7.9257	-5.1706	-3.3937	-6.2888	-1.9251	-5.7624	-5.7474	-9.6482	1.647	-13.885	-12.793	-1.0592	-3.1475	-5.8273
854	3	-1.0683	-3.1024	-8.7162	-8.0513	-0.90028	-10.161	-3.9895	-5.6743	-2.8663	-4.2604	-1.0683	-3.1024	-4.2167	-5.3004	-7.8057	-17.741	-2.1555	-9.1208	-3.858	-5.4156	-1.0683	-3.1024	-11.743	-11.397	-0.16206	-5.4874	-4.267	-6.0119	-2.7205	-4.0195
887	3	-3.0205	2.025	-20.867	-16.283	-1.2471	-6.7787	-6.9771	-3.7234	-3.9777	-1.8623	-3.0205	2.025	-16.991	-8.6398	-5.0582	-9.1347	-5.0353	-5.6356	-3.9777	-3.8058	-3.0205	2.025	-9.3606	-5.9057	-6.786	-17.657	-2.7234	-9.5481	-3.9777	-4.6943
991	3	-0.60694	-3.2625	-4.6349	-11.617	-14.25	-16.884	-5.4442	-5.7854	-3.195	-4.7664	-0.60694	-3.2625	-8.2456	-13.755	-3.6476	-7.8847	-5.6237	-0.6609	-0.95493	-3.2157	-0.60694	-3.2625	-8.2437	-13.758	-3.6106	-7.8455	-5.6127	-0.65956	-0.91094	-3.1314
1002	3	-0.11165	-1.1691	-2.1602	-1.6495	-8.543	-20.7	0.77942	-7.8049	-4.8022	-8.3439	-0.11165	-1.1691	-7.1785	-8.0812	1.0379	-9.8744	-4.3225	-1.7448	-4.4004	-5.4018	-0.11165	-1.1691	-11.371	-12.332	0.94927	-3.2172	-4.2822	-2.0296	-3.3664	-4.2717
1016	3	-4.0331	-5.9819	-4.7782	-3.727	-10.959	-16.782	-1.4554	-6.3351	-4.5794	-8.5588	-4.0331	-5.9819	-15.08	-15.453	-0.71857	-7.1885	-5.9928	-5.2396	-3.0407	-4.3055	-4.0331	-5.9819	-6.0423	-12.486	-5.4408	-9.1329	-3.9144	-4.3908	-3.8027	-6.6685
1039	3	-1.0968	-5.7873	-1.5014	-1.7416	-8.7382	-17.415	2.1742	-3.6294	-2.1738	1.067	-1.0968	-5.7873	-8.5656	-11.194	-1.9428	-5.7718	-2.9326	-1.9577	-1.6264	2.0324	-1.0968	-5.7873	-5.5295	-3.4748	-4.5078	-12.964	-1.0939	-1.5581	-2.126	1.1357
1071	3	-0.42841	-1.3509	-7.9703	-4.1267	-5.1491	-12.08	-6.071	-1.0571	-3.5232	-1.4077	-0.42841	-1.3509	-13.899	-10.444	-1.2188	-7.4855	-9.1341	-0.49956	-3.1759	0.66356	-0.42841	-1.3509	-3.2408	-3.4124	-9.9272	-15.563	-4.82	-3.7284	-3.525	-1.4144
1092	3	3.0924	-5.1203	-18.679	-12.114	0.50216	-3.204	-4.3558	-3.6579	-2.1762	-4.695	3.0924	-5.1203	-6.3355	-5.8451	-6.2556	-12.784	0.90791	-5.6663	-2.9934	-7.3474	3.0924	-5.1203	-6.3851	-8.3977	-5.0442	-10.693	-0.91062	-5.2497	-2.4057	-6.108
1188	3	-3.1607	-5.9635	-3.7385	-3.3958	-5.456	-17.918	1.1825	-2.3043	-4.4257	-6.2045	-3.1607	-5.9635	-6.4016	-8.3312	-0.95978	-10.548	-0.27847	1.7806	-4.3417	-5.4204	-3.1607	-5.9635	-6.4838	-8.2635	-0.68997	-10.383	-0.34156	1.7805	-4.3093	-5.3088
1192	3	-1.2183	-7.7473	-13.23	-11.077	-7.7977	-6.8992	-3.9463	-3.7388	-0.86339	-3.8431	-1.2183	-7.7473	-13.293	-6.709	-7.6052	-10.433	-4.6764	-3.5736	-1.4833	-6.3635	-1.2183	-7.7473	-7.1983	-6.4066	-9.8914	-14.803	-5.6508	-3.8895	-4.7651	-8.301
1239	3	-1.053	-3.2742	-10.462	-0.28754	-4.4186	-9.7195	-4.0754	-0.48651	-4.1622	-3.2532	-1.053	-3.2742	-12.782	-9.6861	-2.1879	-6.0959	-8.2969	-0.4046	-3.8833	-1.1413	-1.053	-3.2742	-10.511	-5.1855	-0.37236	-9.6453	-8.5687	-0.29027	-4.1205	-3.1275
1292	3	-0.57329	-8.3798	-4.3864	-2.0356	-9.2514	-17.379	-4.2236	-4.4799	-4.4675	-4.8111	-0.57329	-8.3798	-15.1	-11.577	0.48163	-1.271	-9.3073	-2.8358	-4.4443	-2.7881	-0.57329	-8.3798	-11.679	-2.4712	-5.7546	-8.2657	-5.132	-2.8497	-4.4517	-2.9692
1399	3	-0.83518	-2.759	-7.9744	-14.528	-8.6523	-5.4875	-3.8592	-13.871	-2.9085	-2.9467	-0.83518	-2.759	-3.9255	-15.571	-7.9278	-8.6467	-3.9092	-13.816	-2.9248	-4.7873	-0.83518	-2.759	-10.611	-20.099	-3.0598	-4.9737	-9.0837	-7.3069	-2.9085	-2.9465
1401	3	-1.3677	-2.5988	-17.525	-12.405	-1.6372	-7.0237	-5.1644	-7.4474	1.4449	-0.77319	-1.3677	-2.5988	-5.9251	-4.1075	-8.1376	-17.181	-0.43248	-13.84	0.93175	-3.7139	-1.3677	-2.5988	-10.586	-6.8779	-2.4738	-11.288	-3.4787	-7.4549	1.4302	-2.7808
1446	3	0.5878	-1.0575	-4.1185	-11.28	-5.0908	-11.694	-4.6281	-6.9755	-7.2981	-5.4484	0.5878	-1.0575	-7.112	-11.765	-4.991	-7.4992	-4.7132	-6.8247	-7.2981	-5.4484	0.5878	-1.0575	-12.883	-16.918	-0.25005	-3.3074	-9.8742	-2.3413	-7.2981	-5.4484
1477	3	-2.1381	-4.974	-4.8176	1.0949	-9.8828	-10.31	-4.7542	-6.05	-5.038	-4.2718	-2.1381	-4.974	-6.4401	-2.5003	-5.8213	-6.0687	-5.619	-1.1778	-3.4126	-2.8541	-2.1381	-4.974	-11.579	-7.9939	-0.69658	0.644	-7.7429	-0.43561	-3.396	-2.8452
1622	3	-0.4	-5.3487	-4.3509	0.10464	-12.895	-14.509	-8.438	-9.978	-3.2471	-3.6926	-0.4	-5.3487	-16.34	-12.938	-1.586	-1.1487	-14.82	-3.4678	-3.2471	-2.8996	-0.4	-5.3487	-10.023	-6.2899	-6.5866	-7.2924	-8.4382	-9.5606	-3.2471	-2.9004
1634	3	-6.7329	-5.2535	-6.5585	-3.2447	-3.1268	-10.069	-3.1641	-1.1161	-1.6729	-1.2497	-6.7329	-5.2535	-6.9637	-5.8522	-1.1365	-6.3349	-3.5162	-0.83655	-1.6552	-0.69499	-6.7329	-5.2535	4.5437	1.554	-8.7322	-17.144	1.3394	-2.5004	-1.8373	-1.8332
1682	3	-1.1625	-3.4657	-13.05	-17.744	-0.24438	0.24115	-10.645	-3.7397	-1.8389	-1.8405	-1.1625	-3.4657	-1.248	-4.6665	-11.076	-9.7644	-4.964	-8.9755	-1.8394	-2.362	-1.1625	-3.4657	-6.8152	-11.24	-5.7405	-2.4093	-9.1475	-5.988	-1.8389	-1.8498
1697	3	-0.66705	-5.851	-4.2649	-4.1579	-14.57	-27.886	-0.0043954	-7.8122	-1.7135	-1.5768	-0.66705	-5.851	-16.266	-12.202	-4.7529	-6.6407	-5.6329	-2.2362	-1.3803	0.23091	-0.66705	-5.851	-9.2031	-7.5906	-5.7637	-10.987	-3.3823	-2.4284	-1.572	-0.92148
1854	3	0.52227	-3.7816	-10.567	-8.5155	-7.2488	-5.9222	0.49681	-0.75649	-7.4246	-0.017154	0.52227	-3.7816	-4.779	-4.7289	-13.219	-12.874	0.50096	-0.75743	-7.4285	-1.3719	0.52227	-3.7816	-11.897	-14.447	-4.0972	-5.8679	-1.0695	1.9099	-7.4246	-0.017154
1945	3	-1.4894	0.81526	-12.514	-13.331	-1.2163	-4.3117	-9.3101	3.3152	-5.9463	-1.7638	-1.4894	0.81526	-8.7431	-3.0286	-7.4703	-9.377	-4.6719	3.1994	-5.9536	-1.7909	-1.4894	0.81526	-4.776	-2.9939	-10.675	-15.837	-4.7441	-1.6048	-6.2317	-2.6566
1965	3	-1.2139	-1.3141	-9.5837	-4.1144	-8.1225	-12.373	-2.6102	-3.9747	-5.7505	-3.7809	-1.2139	-1.3141	-11.866	-8.7861	-6.3295	-6.4266	-2.3727	-3.1975	-5.5731	-1.726	-1.2139	-1.3141	-17.991	-14.27	-3.5669	-4.1305	-6.9885	1.7812	-5.573	-1.7233
1974	3	-0.72554	-5.7685	1.8484	-1.793	-5.6669	-15.031	-2.7269	-12.158	-2.1125	-4.7509	-0.72554	-5.7685	-10.031	-13.179	2.4189	-4.492	-8.366	-6.7388	-1.3448	-2.2418	-0.72554	-5.7685	-1.6179	-8.8811	-0.54136	-10.693	-3.6333	-6.8117	-1.5695	-3.3212
2009	3	-1.7778	-4.4829	-13.706	-11.044	-2.5721	-5.3123	-6.7849	-1.8043	-3.2028	-6.8445	-1.7778	-4.4829	-2.165	-2.8602	-12.905	-12.09	-3.2182	-5.3327	-5.6532	-11.958	-1.7778	-4.4829	-3.9878	-9.7363	-8.1628	-8.3732	-3.7538	-2.3191	-4.6251	-8.0293
2036	3	-4.4175	-6.0079	-6.9973	-8.4767	1.8931	-5.5017	-8.7929	-3.9553	-3.7239	-2.1879	-4.4175	-6.0079	-3.1736	-2.7234	-4.1301	-11.543	-11.797	-3.9311	-5.7322	-8.5682	-4.4175	-6.0079	0.27422	-2.4827	-9.7358	-17.159	-6.2703	-7.7557	-5.7322	-8.5768
2042	3	-1.5106	-3.3592	-14.452	-22.965	-4.9671	-6.0493	-1.7855	-4.1185	-6.4137	0.57482	-1.5106	-3.3592	-4.2152	-17.14	-7.4814	-12.07	-2.1839	-5.2474	-6.6169	-1.9254	-1.5106	-3.3592	-4.2206	-17.197	-7.4074	-12.076	-2.2556	-5.2442	-6.645	-2.0407
2053	3	-2.707	-5.9725	0.71127	-2.5725	-11.165	-14.308	-3.8575	-4.5366	-3.1109	-6.4569	-2.707	-5.9725	-10.286	-14.163	-2.2677	1.3885	-9.3594	-0.31904	-2.5674	-2.991	-2.707	-5.9725	-4.0456	-8.5874	-8.8725	-5.4547	-3.1885	-3.3014	-2.5674	-2.991
2135	3	-1.7642	-4.6227	-13.025	-10.86	-2.3815	-5.2607	-3.106	-3.8614	-3.5732	-4.6886	-1.7642	-4.6227	-1.8831	-6.0283	-10.294	-13.002	-5.7465	-6.0327	-5.4565	-7.7367	-1.7642	-4.6227	-12.094	-3.5309	-7.7158	-9.197	-3.0373	-4.4042	-3.6202	-4.7453
2187	3	-2.6501	-7.023	-1.3616	-1.9072	-11.332	-15.96	-5.8097	-6.225	-7.1589	-11.333	-2.6501	-7.023	-11.54	-8.2311	-2.4025	-6.7838	-3.8722	-3.3514	-5.0248	-6.6646	-2.6501	-7.023	-5.319	-6.9449	-5.2094	-9.603	-4.1967	-3.3381	-5.5121	-7.3872
2235	3	-5.1069	-10.137	-6.1072	-0.34261	-11.146	-22.085	0.21536	-7.3736	-1.3695	-5.3773	-5.1069	-10.137	-12.554	-5.6239	-0.54144	-10.185	-5.0354	-0.76118	-1.3109	-5.297	-5.1069	-10.137	-14.85	-9.1067	-1.1707	-7.3353	-4.7563	-0.84194	-1.0588	-4.2226
2241	3	-1.3992	-3.9001	-12.325	-10.73	3.2445	-5.0702	-6.5602	-4.2029	-5.091	-5.6865	-1.3992	-3.9001	0.16456	-2.1182	-8.7727	-23.115	-0.96123	-10.358	-5.1121	-6.9661	-1.3992	-3.9001	-11.85	-8.3521	-2.5401	-5.2445	-6.5264	-4.2368	-5.091	-5.6866
2262	3	-1.6701	-5.1126	-9.9986	-15.931	-5.0648	-0.7631	-5.6725	-1.4014	0.35175	-2.8352	-1.6701	-5.1126	-3.6571	-3.6268	-14.103	-12.9	-5.4429	-7.2519	0.25458	-3.9629	-1.6701	-5.1126	-9.7374	-4.9657	-8.3265	-8.9916	-5.4415	-7.259	0.27337	-3.3919
2354	3	-2.8436	-5.7952	-6.2065	-11.847	-2.2326	-4.7538	-5.199	-1.0662	-1.8883	-1.4006	-2.8436	-5.7952	-1.5894	-5.81	-1.5773	-11.919	-5.2114	-0.46579	-3.0067	-3.2458	-2.8436	-5.7952	1.8736	-0.43935	-5.9242	-13.71	-3.5525	-1.5131	-3.0732	-3.3298
2452	3	-1.3407	-3.4757	-10.526	-11.447	-0.64654	-5.0913	-6.1665	-3.2019	-3.2589	0.59787	-1.3407	-3.4757	-3.3275	-1.6508	-5.3571	-15.556	-3.3527	-7.3447	-3.7023	-2.4237	-1.3407	-3.4757	-9.8319	-4.8579	-1.286	-8.3633	-5.2515	-3.0223	-3.3296	-0.11858
2510	3	-1.002	-3.3208	-11.775	-2.4032	-9.8487	-6.7355	-7.0579	-8.361	-3.138	-4.9214	-1.002	-3.3208	-11.999	-2.4252	-9.8493	-6.5507	-6.707	-8.3616	-2.8612	-4.6079	-1.002	-3.3208	-13.018	-12.525	-3.9175	1.5391	-5.2475	-2.227	-2.181	-3.7929
2528	3	1.4061	-4.1318	-9.3215	-13.949	-2.3095	-5.3678	-10.764	1.9364	-0.62711	-3.0676	1.4061	-4.1318	-2.3812	-1.3636	-13.981	-17.617	-4.6416	-3.454	-1.4349	-3.8831	1.4061	-4.1318	-5.1007	-7.749	-8.3844	-6.6148	-4.2546	1.9241	-0.62711	-3.0676
2540	3	-1.3786	0.10194	-8.6384	-5.038	-6.9938	-5.1896	-9.0032	3.2983	-5.4683	-3.1977	-1.3786	0.10194	-11.478	-8.169	-1.2369	-1.6123	-15.179	3.2983	-5.4681	-3.1976	-1.3786	0.10194	-5.7828	-3.1332	-9.0669	-12.244	-8.6814	3.2254	-6.1367	-5.2513
2562	3	-2.7978	-6.6547	-11.955	-13.491	-0.31807	-5.1054	-10.582	-1.0453	-3.2765	-3.3729	-2.7978	-6.6547	-6.3429	-7.3345	-1.9972	-12.015	-9.7827	-1.0497	-3.2769	-3.3739	-2.7978	-6.6547	-1.148	-1.4152	-6.0505	-14.074	-7.2319	-1.9567	-3.3854	-3.6
2594	3	-0.25412	-2.3672	-2.7409	-1.1603	-9.3059	-20.342	-3.7721	-6.9856	-6.1442	-5.5573	-0.25412	-2.3672	-12.486	-12.257	0.4306	-0.12448	-6.9646	-0.71792	-3.2019	-1.6889	-0.25412	-2.3672	-3.6116	-7.3179	-4.2109	-15.565	-4.6102	-2.8659	-6.1442	-5.5573
2746	3	-3.0185	-3.4056	-8.5107	-13.167	-1.2705	-8.4722	-6.5825	-6.3217	1.6144	-2.8857	-3.0185	-3.4056	-3.7548	-11.049	-6.3827	-9.0636	-6.5824	-12.482	1.5907	-2.9968	-3.0185	-3.4056	-0.74339	-2.5905	-9.7418	-18.729	-0.95317	-12.852	0.21926	-6.323
2771	3	-3.3303	-3.6115	-3.7775	-2.2705	-5.2908	-7.7143	-8.9073	-5.6247	-6.403	-4.5841	-3.3303	-3.6115	-10.824	-13.324	1.3205	3.551	-12.435	0.82696	-3.987	-0.82927	-3.3303	-3.6115	-10.242	-7.339	1.4461	-2.9915	-12.55	0.84329	-4.0349	-0.93165
2782	3	-1.8252	-4.4714	1.1683	-6.6782	-13.883	-17.608	-2.0944	-7.3497	-3.5049	-5.0935	-1.8252	-4.4714	-11.517	-17.107	-4.1988	1.0049	-4.5439	-3.0222	-1.9546	-3.0319	-1.8252	-4.4714	-5.3071	-10.086	-5.5269	-8.2912	-3.7125	-2.9959	-1.9796	-3.3794
2784	3	-6.8365	-5.7709	-4.6451	-4.0031	-11.126	-21.278	-3.6537	-9.0364	-5.9875	-5.0253	-6.8365	-5.7709	-12.692	-11.621	-0.58664	-9.6566	-8.8533	-4.0225	-4.3194	-3.8595	-6.8365	-5.7709	-10.005	-3.5224	-6.3396	-14.011	-3.5823	-3.4911	-5.094	-4.2828
2807	3	-3.0798	-4.8527	-14.003	-12.804	-5.35	-4.0928	-1.3383	-3.3732	-2.1873	-3.3477	-3.0798	-4.8527	-3.8379	-10.537	-9.1695	-8.6017	2.5427	-3.7373	-2.1873	-3.3477	-3.0798	-4.8527	-4.5756	-3.488	-11.605	-12.553	2.6541	-4.4568	-2.5815	-3.6626
2919	3	-4.3093	-3.6877	-5.5957	-9.3898	-3.0856	-7.4821	-5.0741	2.8448	-5.8252	-4.4389	-4.3093	-3.6877	-13	-14.861	-0.96053	-2.3878	-4.927	3.0927	-5.7105	-4.0217	-4.3093	-3.6877	-5.258	-5.3996	-7.3916	-9.6957	-6.2309	-1.6686	-6.684	-6.2753
2949	3	-0.12441	-2.8403	-3.991	-9.635	-13.873	-12.628	2.1058	-7.0956	-6.3214	-6.5363	-0.12441	-2.8403	-3.6282	-3.4395	-14.174	-17.765	1.7922	-7.0055	-6.9947	-8.6474	-0.12441	-2.8403	-12.034	-15.112	-4.219	-6.4525	-0.088627	-1.1737	-6.0548	-6.265
2960	3	-3.4557	-4.3775	-0.7831	-11.013	-3.2295	-13.75	-5.4918	-5.3742	-1.4146	-2.7852	-3.4557	-4.3775	-0.47246	-6.8394	-6.7203	-23.242	-1.1191	-8.9747	-1.4175	-2.8176	-3.4557	-4.3775	-12.9	-19.514	0.63004	-5.4056	-6.5426	-2.4866	-1.3716	-1.5945
2981	3	0.57316	-4.0549	-2.3392	-1.2387	-5.2206	-12.54	0.87377	-4.4478	0.62096	-5.7934	0.57316	-4.0549	2.3413	-0.20658	-8.3396	-24.35	4.724	-6.7254	0.61378	-5.9773	0.57316	-4.0549	-5.4947	-8.4358	-0.56307	-2.4319	-0.8412	-3.123	0.64625	-2.2414
3005	3	-1.3351	-4.4985	-12.655	-10.099	-2.1954	-3.5135	-4.8388	-0.058864	-5.858	-4.0977	-1.3351	-4.4985	-4.5374	-1.0539	-11.656	-17.674	-4.8748	-5.9194	-9.6604	-7.2622	-1.3351	-4.4985	-4.6313	-7.1412	-6.9059	-14.157	-4.9003	-5.9178	-9.6598	-7.26
3042	3	-2.6802	-4.4929	-7.8524	-16.536	-1.0256	-3.2612	-3.6309	4.8171	-4.7739	-0.39775	-2.6802	-4.4929	-4.0553	-10.391	-4.29	-9.3007	-2.2941	3.4039	-4.8443	-0.67605	-2.6802	-4.4929	-3.0745	-5.9516	-7.7649	-14.034	-3.3845	0.19625	-6.329	-3.4608
3072	3	-0.33994	-5.0317	-6.6997	-14.921	-1.1734	-8.0612	-2.4016	-2.1927	-4.5885	0.68723	-0.33994	-5.0317	-2.3871	-3.6656	-6.372	-16.838	0.24842	-6.0258	-4.7719	-1.0297	-0.33994	-5.0317	-10.485	-15.936	-0.54984	-5.3851	-2.585	-2.2153	-4.4935	1.9308
3143	3	-1.391	-2.8843	-12.021	-8.4919	-2.4619	-10.253	-6.1885	-6.6406	-4.4334	-1.1692	-1.391	-2.8843	-6.2565	-7.0773	-3.3721	-13.005	-6.603	-6.3518	-4.7093	-2.0478	-1.391	-2.8843	-4.8057	-1.7122	-8.9767	-18.395	-5.0598	-9.0792	-6.25	-4.7684
3167	3	-0.22594	-4.1011	-15.85	-9.2331	3.4695	-2.1973	-8.6451	2.0114	-3.6357	0.7953	-0.22594	-4.1011	-5.227	0.253	-4.3089	-11.096	-4.1997	-1.9008	-4.9624	-0.077469	-0.22594	-4.1011	-11.311	-1.3777	1.1057	-7.918	-6.2677	1.5806	-3.6888	0.75291
3168	3	-4.4233	-2.9669	-3.7707	-1.8769	-4.2147	-15.07	-0.67863	-5.8213	-1.3957	-3.3871	-4.4233	-2.9669	-9.4404	-11.702	0.66988	-2.5218	-5.4268	-5.0706	-0.76141	-2.5213	-4.4233	-2.9669	-3.7099	0.23142	-8.1285	-24.337	0.32549	-8.6576	-1.4576	-3.6397
3206	3	0.57107	-3.7999	-6.1577	-7.4133	-5.5467	-10.501	-4.5594	-6.2581	-2.9709	-2.1937	0.57107	-3.7999	-1.4856	-9.9257	-9.8755	-17.006	-0.15287	-7.2927	-3.5743	-3.0697	0.57107	-3.7999	-1.4849	-5.565	-12.845	-22.6	-0.041594	-9.3373	-3.5743	-3.0697
3292	3	1.3881	-1.4784	-3.0624	-4.9696	-13.917	-16.602	-5.2036	-4.6456	-8.9526	-6.9183	1.3881	-1.4784	-9.7802	-10.922	-5.7663	-6.8569	-5.5223	-0.012362	-4.1689	-1.7881	1.3881	-1.4784	-4.421	-9.093	-7.7357	-9.9626	-5.1256	-0.91275	-5.3331	-2.5989
3348	3	-1.4011	-2.2892	-13.363	-12.062	-3.3863	-0.46167	-12.072	-1.622	-3.7272	-3.2933	-1.4011	-2.2892	-2.5474	-9.7016	-9.591	-10.13	-6.2209	-7.3297	-6.8731	-5.4904	-1.4011	-2.2892	-2.1544	-4.2589	-11.777	-15.819	-6.2209	-7.7486	-6.8799	-5.5144
3379	3	-3.3746	-7.4543	-10.722	-12.531	-0.14883	-4.6204	-10.34	-3.1738	-3.8565	-3.5573	-3.3746	-7.4543	-5.6442	-3.9572	-3.7668	-13.704	-9.0979	-2.7706	-8.3081	-8.9514	-3.3746	-7.4543	-3.8722	-2.3852	-6.6839	-16.552	-8.1083	-6.3871	-8.3081	-8.9551
3437	3	-3.9215	-3.4141	-2.6912	-10.522	0.70278	-11.536	-6.0337	-4.9145	-4.9979	-9.2579	-3.9215	-3.4141	-10.56	-11.139	3.3346	-7.0331	-4.4695	-5.4854	-4.1152	-5.3397	-3.9215	-3.4141	-1.1531	-5.6627	-3.2508	-12.534	-4.9744	-8.8817	-5.4111	-11.624
3454	3	-5.0313	-9.9458	-2.4286	0.95777	-10.539	-17.488	-1.1926	-6.4038	-3.0437	-0.89664	-5.0313	-9.9458	-13.188	-11.015	-5.333	-0.95929	-5.1589	-1.0565	-3.023	0.56404	-5.0313	-9.9458	-11.68	-1.8336	-8.2093	-6.7312	-1.583	-3.9906	-3.0231	0.53448
3482	3	-2.3188	-0.80258	-9.9982	-11.593	0.99992	-2.9065	-4.8277	-5.7482	-3.3692	-3.7848	-2.3188	-0.80258	-4.5091	0.22909	-5.2927	-11.326	-4.8397	-6.3943	-3.6668	-4.5213	-2.3188	-0.80258	1.7587	1.2928	-11.373	-17.971	-0.54989	-8.0954	-3.6723	-4.534
3510	3	-1.7991	-5.276	-10.702	-1.541	-6.4565	-12.118	-2.8101	-13.897	-2.7237	-4.6092	-1.7991	-5.276	-8.5106	-1.0817	-9.4413	-14.841	-2.1448	-16.624	-2.7404	-4.6213	-1.7991	-5.276	-16.255	-7.1097	-2.8344	-5.809	-5.2385	-10.935	-2.0055	-3.0794
3613	3	-2.3704	-6.0625	-6.3036	-14.215	-3.1732	-4.3326	-7.13	-1.2228	-5.151	0.48978	-2.3704	-6.0625	1.4181	-5.1556	-10.438	-12.309	-2.4048	-2.6711	-5.5881	-1.7939	-2.3704	-6.0625	0.80387	-8.7255	-8.0366	-11.156	-2.437	-1.7114	-5.2287	0.38146
3627	3	-4.6491	-3.7707	-1.6403	-7.6029	-8.3885	-10.976	-5.9839	-12.778	-5.5858	-7.7243	-4.6491	-3.7707	-13.538	-11.32	-1.2715	-5.0627	-9.8063	-6.9264	-4.8402	-5.2174	-4.6491	-3.7707	-1.6383	-1.3514	-11.416	-14.639	-5.9293	-12.872	-5.5863	-8.814
3642	3	-0.85131	-3.1649	-10.825	-8.1204	1.9999	-11.832	-6.3414	-3.958	-1.8391	-6.5321	-0.85131	-3.1649	-4.2765	-1.2308	-9.2666	-25.859	0.10319	-10.584	-1.8391	-6.5376	-0.85131	-3.1649	-10.932	-10.826	1.3526	-9.435	-6.3393	-3.9671	-1.8353	-3.3186
3661	3	-1.5067	-2.8043	-16.692	-11.281	1.5341	-5.3093	-6.4786	1.8935	2.8879	-3.1517	-1.5067	-2.8043	-6.0935	0.13159	-4.9628	-11.069	-6.3014	2.8244	2.6474	-5.6806	-1.5067	-2.8043	-10.02	-0.049799	-4.5992	-9.3145	-6.2959	1.7954	2.8764	-3.7387
3682	3	0.13013	-4.709	-15.778	-10.274	0.54356	-4.6932	-6.025	1.7594	-5.5792	-2.0538	0.13013	-4.709	-5.1209	1.8939	-10.397	-15.314	-2.4478	-2.8941	-5.8251	-3.4808	0.13013	-4.709	-13.642	-4.203	-1.1409	-10.14	-5.0688	1.7818	-5.6122	-2.351
3691	3	-3.7819	-4.0221	-3.2966	-2.8581	-11.532	-21.427	-0.7062	-5.4501	-1.276	-2.3477	-3.7819	-4.0221	-13.095	-11.06	0.07572	-6.1703	-5.3098	-1.459	-0.87886	0.73794	-3.7819	-4.0221	-3.8962	-11.163	-4.8696	-11.205	-3.6621	-1.6515	-1.2759	-2.3469
3715	3	-5.5565	-3.1182	-5.4977	-16.885	1.1487	-9.1268	-7.207	-3.4753	0.28725	-4.7647	-5.5565	-3.1182	-9.3488	-20.199	-0.27703	-4.2587	-7.1164	-3.5219	0.34594	-4.0746	-5.5565	-3.1182	-1.477	-12.935	-4.8396	-10.016	-2.6559	-3.9119	0.16792	-5.9422
3729	3	-2.5987	-6.593	-6.3558	-0.7142	-3.7796	-12.915	-5.9659	-13.743	-0.95166	-3.6394	-2.5987	-6.593	-0.86914	-1.2431	-10.208	-15.567	-6.0282	-14.792	-1.3954	-4.5646	-2.5987	-6.593	-8.5148	-9.993	1.5141	-6.5942	-11.067	-8.3523	-0.58193	-1.8407
3743	3	-1.7975	-5.3591	-10.514	-4.8442	-4.1223	-9.0636	-3.3593	-1.789	-7.0648	-7.0901	-1.7975	-5.3591	-15.015	-8.7232	1.1452	-8.2666	-6.9879	2.903	-4.4184	-4.912	-1.7975	-5.3591	-5.3809	-4.4504	-8.51	-13.693	-3.3636	-1.7878	-7.3802	-7.6275
3766	3	-1.8171	-4.0489	-9.337	-2.2408	-5.6539	-12.595	-0.16686	-1.7684	-3.0044	-5.806	-1.8171	-4.0489	-4.3166	-1.0898	-8.9561	-19.795	1.922	-6.0503	-3.0115	-5.8181	-1.8171	-4.0489	-11.133	-10.374	-2.8928	-6.5136	-1.7171	-1.5834	-2.5079	-4.8489
3775	3	-1.3183	-4.4495	-14.086	-10.749	-0.90944	-3.7093	-7.793	-4.0229	-5.0863	-2.9943	-1.3183	-4.4495	-1.164	-0.070096	-11.518	-16.828	-2.0555	-4.7442	-5.5676	-6.9798	-1.3183	-4.4495	-7.5386	-5.22	-2.0779	-14.504	-7.8711	-4.0062	-5.3534	-4.6022
3810	3	-3.4453	-6.2608	-11.601	-11.324	-3.041	-7.326	-1.7857	-3.333	-2.8414	-3.1394	-3.4453	-6.2608	-0.39284	-0.17088	-11.867	-24.375	0.97427	-8.28	-3.3171	-4.0538	-3.4453	-6.2608	-4.1534	-4.2857	-4.4957	-13.102	-1.2677	-2.7754	-2.9916	-3.7783
3834	3	-0.1016	-2.1861	-25.917	-14.055	-2.0422	-4.5872	-2.596	-4.3877	-1.9342	-2.1306	-0.1016	-2.1861	-19.339	-8.5013	-7.8863	-8.1844	-0.87947	-10.243	-1.9348	-2.2823	-0.1016	-2.1861	-13.584	-4.1748	-6.8094	-12.177	-0.95468	-9.7199	-2.0231	-3.4733
3893	3	-2.8787	-2.9533	-10.965	-8.9371	-2.1013	0.020193	-5.3098	-0.8145	-2.3214	-0.2639	-2.8787	-2.9533	0.62594	1.0378	-9.5269	-12.33	-3.378	-2.7381	-3.2412	-3.9169	-2.8787	-2.9533	-5.6591	-1.5212	-6.6178	-9.2386	-2.7574	-1.5749	-2.4453	-1.9732
3895	3	0.48314	-1.9267	-9.4185	-17.82	0.23596	-3.9377	-5.2561	-3.0751	-8.7916	-4.6926	0.48314	-1.9267	-0.47963	-5.5304	-11.884	-13.626	-7.3487	-5.0358	-11.621	-7.7988	0.48314	-1.9267	-2.8139	-17.023	-5.3653	-10.543	-1.6987	-3.0605	-8.9452	-5.1269
3943	3	-0.45958	-2.9764	-2.1643	1.427	-9.95	-16.201	-1.9705	-0.86759	-3.9192	-2.2919	-0.45958	-2.9764	-11.728	-5.9034	2.098	-0.964	-2.5947	2.6455	-3.1852	-0.29395	-0.45958	-2.9764	-7.5414	-0.99796	-4.3251	-7.6855	-2.5582	1.3067	-3.1853	-0.31371
4076	3	0.29327	-8.7926	-12.004	-8.651	0.73722	-4.8798	-6.4495	-1.9748	-2.1458	-2.6068	0.29327	-8.7926	-7.3558	-4.0439	-0.56772	-11.711	-9.0814	-1.5043	-3.8534	-4.4489	0.29327	-8.7926	-1.7748	-1.4641	-6.6365	-16.244	-4.2871	-5.2042	-3.9554	-4.6597
4148	3	-1.1032	-1.6734	-2.226	-6.8594	-9.5587	-20.406	0.3734	-6.1167	-3.9971	-8.0478	-1.1032	-1.6734	-11.732	-12.518	-1.7184	-8.9428	-5.3111	-5.0433	-2.9705	-3.0971	-1.1032	-1.6734	-8.2432	-8.0373	-2.2643	-13.423	-5.3106	-4.6453	-3.1478	-4.5977
4203	3	-1.7649	-2.9999	-9.8442	4.0499	-6.002	-11.454	2.0726	-6.0653	-0.40258	-3.3627	-1.7649	-2.9999	-15.216	-6.2499	-0.37584	-4.1329	-1.5321	-6.0557	0.056847	-2.0266	-1.7649	-2.9999	-4.5896	1.3036	-12	-13.598	1.1531	-7.6982	-3.4537	-5.4831
4224	3	1.6135	-4.9807	-11.37	-14.258	-6.0335	-4.4728	-1.9803	-1.4831	-4.3054	-4.9468	1.6135	-4.9807	-2.2203	-7.2644	-14.075	-16.297	0.020317	-5.8378	-4.3121	-6.9281	1.6135	-4.9807	-6.1206	-13.45	-9.286	-5.5619	0.020466	-2.6064	-4.3054	-4.9542
4232	3	-0.62932	-0.84841	-2.3584	-1.0184	-10.627	-25.149	1.9902	-6.2907	-2.9142	-11.835	-0.62932	-0.84841	-12.051	-12.288	1.8062	-3.9734	-4.5064	-2.2924	-1.7411	-6.1446	-0.62932	-0.84841	-6.9252	-6.0399	-3.4098	-10.355	-4.0794	-2.2971	-1.7893	-6.5294
4262	3	-1.3927	-1.4421	-16.862	-16.487	-1.2956	-6.6932	-6.9728	2.4586	-4.3526	-6.2656	-1.3927	-1.4421	-4.9899	-5.4983	-11.48	-11.617	-4.8869	-2.5286	-4.7244	-7.6609	-1.3927	-1.4421	-5.0808	-5.7791	-11.475	-11.385	-5.22	-2.5269	-4.6575	-7.3352
4274	3	-2.7651	-3.5838	-2.2233	-3.6479	-12.217	-12.959	-2.3937	-3.335	-4.7268	-7.6939	-2.7651	-3.5838	-10.784	-11.84	-2.607	-1.7296	-7.3602	1.1633	-4.7263	-6.6382	-2.7651	-3.5838	-7.0868	-7.5779	-8.4208	-5.9594	-2.7115	-0.7793	-4.7263	-6.6388
4328	3	-2.7867	-2.2492	-2.9085	-8.7132	-10.297	-23.669	-2.7035	-6.0756	-3.0587	-5.0444	-2.7867	-2.2492	-8.3918	-19.091	-2.54	-12.222	-8.0871	-1.5619	-2.9085	-4.6698	-2.7867	-2.2492	-12.394	-19.656	-3.0521	-10.08	-8.0502	-1.6994	-2.8667	-4.0688
4337	3	-4.4462	-4.3829	-10.892	-16.615	1.016	-8.5615	-4.991	-1.0157	-2.1926	-3.4831	-4.4462	-4.3829	-4.9569	-13.533	-2.9626	-11.013	0.54241	-4.764	-2.9814	-5.8228	-4.4462	-4.3829	-5.1757	-9.8068	-6.7283	-12.75	-0.038013	-5.6422	-3.5534	-6.3498
4356	3	0.83858	-3.9357	-13.13	-12.345	-1.5877	0.40065	-5.4904	-3.8983	-2.2989	-1.1709	0.83858	-3.9357	-2.4722	-5.006	-10.702	-10.74	-2.5501	-4.5632	-3.1401	-2.1513	0.83858	-3.9357	-13.057	-4.9911	-6.5923	-7.4642	-4.038	-6.9806	-2.4156	-1.5165
4375	3	3.0605	-2.8711	-4.9306	-8.5849	-6.5046	-17.037	-3.404	-1.5017	-2.3912	-5.7169	3.0605	-2.8711	-10.501	-20.472	-0.58164	-8.744	-5.4605	-0.43294	-2.2064	-5.0235	3.0605	-2.8711	-6.2251	-19.727	-4.1439	-13.073	-5.5035	-0.62123	-2.3912	-5.7169
4380	3	1.8326	-1.7402	-7.0856	-8.0232	-6.8921	-3.377	-0.61256	-1.5688	-1.1877	-3.6186	1.8326	-1.7402	-2.3499	-1.6147	-9.2606	-17.539	-1.836	-3.8143	-1.8902	-6.0987	1.8326	-1.7402	-12.014	-13.208	-0.73293	1.4552	-6.8454	0.24678	-1.1877	-3.6186
4384	3	-3.0267	-6.3883	-6.4613	-3.2983	-8.4029	-18.058	-2.3802	-3.3618	-5.9737	-7.019	-3.0267	-6.3883	-13.921	-13.984	-0.79107	-1.2194	-5.8102	1.3097	-4.7673	-4.3371	-3.0267	-6.3883	-6.8012	-8.7213	-3.6679	-8.3265	-2.1682	0.58448	-4.7675	-4.4006
4451	3	-1.2154	-2.0868	-5.4902	-3.3093	-11.133	-19.895	-0.16571	-4.0927	-1.568	-4.1224	-1.2154	-2.0868	-9.2371	-9.6896	-6.8645	-2.6955	-1.1783	0.70266	-1.4174	-3.5586	-1.2154	-2.0868	-5.6933	-9.538	-8.1462	-10.596	-0.63943	-1.812	-1.4898	-3.8415
4480	3	-4.0906	-6.984	-0.25099	-9.0407	-7.0795	-14.773	-0.16316	-2.7475	-4.7631	-3.5809	-4.0906	-6.984	-0.25041	-5.364	-13.041	-22.056	-0.13951	-4.6216	-4.7631	-3.5829	-4.0906	-6.984	-8.9149	-17.072	-2.8391	0.19283	-5.0012	-1.3286	-1.8943	0.45462
4502	3	-2.6677	-1.7934	-7.6265	-14.739	-5.4853	-2.2442	-5.4252	-0.0466	-1.4755	0.11587	-2.6677	-1.7934	-12.458	-19.677	-1.5606	-0.99992	-8.1425	-0.040778	-1.4755	0.11587	-2.6677	-1.7934	-3.0362	-7.8704	-8.5086	-13.59	-4.3324	-0.99606	-2.2076	-3.5169
4594	3	0.48395	-3.0232	-4.9827	-1.6607	-13.161	-23.266	4.8958	-9.9789	1.1599	-3.5944	0.48395	-3.0232	-9.2519	-7.6847	-3.1282	-14.293	3.5842	-4.0895	1.3744	-3.0371	0.48395	-3.0232	-9.137	-2.571	-6.9325	-17.594	3.5999	-3.8605	1.1599	-3.5944
4599	3	-3.5291	-4.5409	-16.161	-13.564	-0.87766	-6.5638	-10.786	0.72883	-3.4089	-1.8109	-3.5291	-4.5409	-9.6974	-7.2871	-5.8466	-10.878	-10.785	-1.7002	-3.425	-1.921	-3.5291	-4.5409	-6.6341	-8.2123	-9.3701	-13.485	-9.5676	-4.5786	-6.4622	-5.1261
4601	3	-3.7858	-0.62438	-4.7002	-12.899	-4.618	-7.7074	-4.0985	-4.6456	-3.4786	-8.2588	-3.7858	-0.62438	-7.4859	-13.684	1.4997	-6.5598	-4.0599	-5.6528	-2.8315	-7.8552	-3.7858	-0.62438	-5.5324	-3.2235	-10.511	-17.493	-4.58	-8.176	-5.043	-13.512
4623	3	-2.4719	-1.4466	-5.1281	-0.57752	-10.074	-13.982	-5.9187	-4.9088	-7.0937	-6.1656	-2.4719	-1.4466	-12.791	-4.3807	-3.1035	-7.0212	-5.8338	-0.42294	-3.9282	-2.2236	-2.4719	-1.4466	-8.0341	-4.3738	-2.352	-9.6284	-6.5316	-0.28846	-4.6262	-2.4642
4718	3	-2.0679	-3.5286	-5.2604	-3.363	-5.1857	-17.627	3.7968	-7.2025	1.3039	-5.7641	-2.0679	-3.5286	-2.2232	-3.1377	-7.6763	-21.13	3.7968	-7.2045	1.3039	-5.7641	-2.0679	-3.5286	-10.525	-15.066	0.28629	-3.0448	-1.8978	-2.7121	1.3409	-5.1253
4723	3	-2.3443	-3.4314	-13.067	-12.835	-1.5057	-3.0813	-4.3128	-1.8846	-3.1269	-4.7529	-2.3443	-3.4314	-8.2863	-2.0266	-8.2795	-13.88	-5.2802	-3.5125	-4.9297	-10.188	-2.3443	-3.4314	-12.013	-1.8758	-6.6507	-7.8438	-3.8586	-2.6981	-3.2253	-5.2661
4745	3	-2.329	-2.6187	-14.554	-11.441	-2.5434	-2.972	-4.423	-3.8751	-5.885	-4.2413	-2.329	-2.6187	-4.4427	-3.7059	-9.4781	-10.55	-2.0912	-3.3782	-6.613	-8.4793	-2.329	-2.6187	-8.7048	-4.6642	-5.0926	-8.8545	-2.5538	-3.8605	-5.9002	-4.557
4754	3	-0.2191	-2.6376	-4.3286	-2.2697	-9.3652	-17.22	-0.72219	-5.4398	0.99499	-3.956	-0.2191	-2.6376	-14.089	-10.923	-5.5451	-7.4096	-4.7033	-5.083	1.3623	-0.52319	-0.2191	-2.6376	-5.247	-4.442	-6.5287	-11.777	-1.4125	-5.5127	1.1768	-3.581
4757	3	-1.1733	0.61267	-4.5622	-6.0063	-7.9117	-7.3486	-4.281	-3.9134	-7.0186	-8.3523	-1.1733	0.61267	-11.613	-14.796	0.49875	-2.7962	-10.528	0.098517	-4.7463	-2.7442	-1.1733	0.61267	-7.6348	-8.8488	-1.6593	-5.4581	-10.439	0.098446	-4.7463	-3.4543
4824	3	1.2473	-3.895	-2.5271	-9.7114	-11.432	-12.261	0.87888	-4.1448	-4.4369	-6.3607	1.2473	-3.895	-11.405	-17.208	-1.9483	-2.5308	-3.5849	1.5004	-2.8898	-2.7201	1.2473	-3.895	-0.80795	-13.741	-5.77	-9.3381	0.82739	1.083	-3.4518	-4.1996
4859	3	-0.79991	-1.6543	-11.261	-10.071	-6.2379	-1.0628	-10.882	-5.3843	-1.175	-2.4788	-0.79991	-1.6543	-3.474	-2.9209	-12.702	-8.2177	-5.0761	-6.3172	-1.175	-4.2804	-0.79991	-1.6543	-3.7421	-8.3714	-7.1167	-6.157	-8.8986	-6.2048	-1.175	-3.9185
4902	3	-4.1637	-7.3624	-2.6904	-4.4063	-13.706	-13.649	-4.3036	-11.34	-7.633	-4.4256	-4.1637	-7.3624	-12.295	-12.312	-1.0177	-6.8419	-4.3834	-9.5635	-4.4299	-0.60188	-4.1637	-7.3624	-12.06	-8.3584	-1.7351	-9.2465	-4.498	-9.5628	-4.6763	-1.165
4907	3	0.81331	-5.3952	-8.2851	-9.9088	0.63894	-12.18	-7.6478	-5.5383	-4.017	-4.3728	0.81331	-5.3952	-2.4668	-3.9073	-6.4781	-16.714	-4.988	-5.3576	-4.0966	-4.6528	0.81331	-5.3952	-3.9378	-7.3039	-4.6395	-16.456	-7.7029	-5.2799	-4.0965	-4.6525
4933	3	-1.318	-1.123	-1.5113	-3.5124	-11.964	-8.1457	-4.9667	-5.3739	-6.6836	-5.86	-1.318	-1.123	-11.311	-9.6236	-2.4496	0.84089	-11.041	-2.1375	-6.2481	-1.8065	-1.318	-1.123	-7.8655	-4.7776	-8.1968	-2.8128	-4.6369	-5.6419	-6.2481	-1.8072
4942	3	-0.66109	-4.7897	-11.051	-14.083	1.5504	-7.3133	-9.8079	-4.7246	-3.342	-4.9274	-0.66109	-4.7897	-0.71651	-4.1734	-9.1506	-14.6	-8.2589	-6.4846	-4.9852	-7.8777	-0.66109	-4.7897	-4.6454	-3.9347	-7.547	-10.528	-4.5058	-7.6467	-3.5658	-5.3866
4959	3	-2.5128	-1.6705	-16.024	-15.25	-3.2136	-0.42241	-9.1893	-0.13453	-2.6219	0.72965	-2.5128	-1.6705	-5.4497	-3.1021	-12.483	-9.9095	-3.1138	-5.0497	-2.6347	0.61951	-2.5128	-1.6705	-11.415	-4.5075	-6.077	-7.2816	-4.4242	-0.77677	-2.622	0.72912
4980	3	-1.5532	-3.1199	-10.617	-5.4875	-5.255	-14.675	-10.858	-8.0694	-2.267	-1.8718	-1.5532	-3.1199	-10.702	-5.5542	-5.2778	-14.532	-10.988	-7.9928	-2.245	-1.5782	-1.5532	-3.1199	-10.775	-5.6178	-5.121	-14.584	-11.11	-7.9705	-2.4603	-2.0831
5007	3	-1.859	-4.1184	-6.4668	-9.7578	-0.9685	-16.924	-3.2987	-5.6484	-2.3471	-3.3093	-1.859	-4.1184	-0.66989	-4.8671	-10.199	-22.015	1.7307	-6.994	-3.1854	-5.2694	-1.859	-4.1184	-10.54	-14.709	-0.90759	-7.0848	-3.3237	-6.4722	-1.9598	-0.385
5023	3	-1.7824	-0.2114	-17.482	-15.062	0.086109	-2.7176	-5.6389	3.3617	-0.61619	-1.4846	-1.7824	-0.2114	-6.3379	-5.3526	-11.099	-12.567	-3.7549	0.12981	-1.8675	-2.3828	-1.7824	-0.2114	-14.212	-6.133	-5.705	-9.1709	-3.1486	0.88984	-0.68289	-1.612
5067	3	1.2443	-4.1824	-8.8942	-9.7262	-3.9905	-8.0429	-5.381	-3.9348	-5.0537	-2.6971	1.2443	-4.1824	2.3788	-3.4431	-10.455	-27.155	-1.0331	-6.2474	-6.9769	-6.5397	1.2443	-4.1824	0.95208	-8.5737	-6.7402	-14.607	-0.91009	-3.9375	-6.6293	-6.2812
5076	3	0.29944	-3.1914	-9.6663	-14.164	-1.8738	-4.5749	-6.5099	-0.57892	-3.5672	-2.5976	0.29944	-3.1914	-3.5027	-3.3331	-10.292	-20.945	-2.0002	-4.5241	-4.5528	-5.16	0.29944	-3.1914	-8.3597	-8.7787	-7.4479	-6.7298	-0.82577	-2.1068	-3.5672	-2.5979
5099	3	-0.80508	-1.2164	-7.1822	-20.32	2.4599	-8.2159	-5.9035	-2.0655	-1.9076	-2.5451	-0.80508	-1.2164	-2.9142	-7.625	-4.0512	-12.925	-4.5549	-2.9279	-3.6207	-4.2595	-0.80508	-1.2164	-11.568	-20.31	0.70636	-4.222	-5.1746	-2.569	-1.407	-1.2845
5179	3	-1.8115	-7.9737	0.37744	-6.0625	-9.5974	-13.334	-4.6317	-5.2403	-6.0445	-7.0513	-1.8115	-7.9737	-9.0765	-11.204	1.3117	-6.6875	-11.048	1.2686	-4.2907	-3.3851	-1.8115	-7.9737	-0.63958	-7.6275	-4.429	-11.519	-5.8754	-1.0604	-5.0093	-4.6285
5194	3	-2.3882	-2.729	-14.235	-10.833	2.9388	-6.6466	-1.1549	-0.5839	-5.1395	-4.5986	-2.3882	-2.729	-6.3726	-5.1843	-8.2011	-15.101	0.87686	-6.6548	-6.8977	-8.8862	-2.3882	-2.729	-11.344	-4.9991	-3.5811	-11.691	1.6259	-2.1512	-5.4663	-4.9807
5217	3	-2.764	-3.8144	-6.3341	-10.524	-8.0434	-3.2283	-1.3897	-3.6423	-5.3628	-1.3175	-2.764	-3.8144	-13.733	-12.438	-3.3273	0.80712	-7.8567	-2.6795	-5.3628	-1.3174	-2.764	-3.8144	-3.3714	-9.9223	-8.2348	-6.8493	-2.0085	-3.3687	-5.7671	-1.8739
5349	3	-1.733	-0.37256	-4.618	-5.5532	-5.0881	-12.405	-8.8904	0.19444	0.13273	-4.5788	-1.733	-0.37256	-13.543	-16.324	0.18033	-4.7913	-8.5238	0.16561	0.79988	-2.1932	-1.733	-0.37256	-8.9713	-13.014	-3.7104	-5.6306	-8.5237	0.16384	0.79985	-2.1934
5451	3	-1.9921	-2.0764	-6.5297	-6.2193	-7.2576	-12.205	-5.5156	-6.8855	-5.9965	-8.9125	-1.9921	-2.0764	-13.714	-12.657	0.51698	-6.7612	-4.3533	-1.0293	-1.784	-5.6672	-1.9921	-2.0764	-6.4326	-5.5381	-7.8702	-15.843	-4.2934	-6.9237	-6.2202	-10.058
5551	3	-3.5043	-3.6534	-5.9915	-5.4918	-6.7226	-11.022	-1.8264	-9.3891	-6.5923	-1.6321	-3.5043	-3.6534	-10.228	-9.9731	-1.2792	-7.1062	-2.1696	-5.2496	-5.7672	0.85376	-3.5043	-3.6534	-9.1331	-5.4864	-4.1495	-8.6199	-2.2037	-6.5218	-6.4374	-1.5364
5580	3	-1.2383	-6.5406	-6.7161	-10.588	-1.3164	-10.726	-6.1249	-1.1908	-3.2709	-1.2078	-1.2383	-6.5406	-0.99215	-4.46	-9.0877	-19.369	-2.0122	-5.3106	-5.2097	-5.484	-1.2383	-6.5406	-1.0083	-6.4889	-6.6804	-12.129	-2.2798	-3.4283	-3.7114	-2.3647
5633	3	-1.7342	-4.99	-8.7671	-14.647	-0.3063	-4.8275	-2.7982	-6.4788	-3.1903	-2.7489	-1.7342	-4.99	1.7355	-4.1791	-8.9268	-21.683	1.1048	-12.225	-4.7806	-6.6984	-1.7342	-4.99	-3.4136	-9.3299	-1.3823	-8.7147	-2.6989	-6.0071	-4.487	-6.1288
5634	3	-1.8462	-7.8436	-3.4666	-13.193	-4.2494	-5.4975	-4.1188	-3.4912	-6.5927	-4.8831	-1.8462	-7.8436	-9.0031	-18.53	0.96193	-1.4174	-7.6098	-3.4912	-6.5927	-4.8831	-1.8462	-7.8436	-1.3505	-7.7229	-8.2588	-13.971	-3.5681	-4.7088	-8.1219	-8.1134
5647	3	-0.70455	-4.9774	-13.407	-4.4878	-3.399	-8.8614	-6.4709	-3.4975	-2.4519	-2.6461	-0.70455	-4.9774	-7.0737	0.30788	-8.1363	-18.089	-4.9526	-5.434	-3.6041	-5.5966	-0.70455	-4.9774	-17.774	-10.322	-1.5208	-5.5026	-6.4708	-3.5305	-2.4412	-2.3826
5691	3	-2.3968	-1.1411	-7.4618	-10.097	-8.2119	-12.917	-3.0743	-4.5834	-1.6916	-6.1563	-2.3968	-1.1411	-7.3985	-10.006	-8.5345	-13.432	-3.0684	-4.7162	-1.6839	-6.1642	-2.3968	-1.1411	-15.444	-19.53	-2.4254	-3.684	-9.213	-2.3005	-1.0116	-4.0585
5746	3	0.44271	-6.5747	-8.5154	-2.7641	-5.4262	-8.1527	-2.8355	-6.0075	0.95133	-2.6413	0.44271	-6.5747	-12.343	-11.49	1.0173	0.54268	-5.9313	-1.6135	1.0405	-2.5543	0.44271	-6.5747	-6.1907	-1.5744	-10.375	-10.183	-4.7207	-6.7632	-0.40413	-3.3417
5777	3	-0.16046	-3.9888	-1.0983	-1.6417	-10.281	-17.202	-6.3672	-5.067	-4.9406	-6.7185	-0.16046	-3.9888	-11.545	-11.274	-2.2782	-5.1334	-11.239	-3.7035	-2.8839	-2.2063	-0.16046	-3.9888	-2.133	-11.265	-6.4413	-12.114	-10.614	-5.2056	-2.8839	-3.27
5791	3	-2.5263	-3.7507	5.8805	-5.6479	-6.3123	-20.152	2.178	-9.6459	1.5534	-3.0365	-2.5263	-3.7507	-0.98584	-11.614	0.83006	-10.292	-1.4825	-4.042	1.591	-2.9108	-2.5263	-3.7507	-6.2824	-13.852	2.5282	-5.2656	-3.539	-4.042	1.5917	-2.9081
5820	3	0.53682	-3.2518	-12.958	-13.302	-2.7502	-6.0604	-7.6629	-0.95294	-2.7628	-2.6155	0.53682	-3.2518	-6.6826	-9.3779	-7.0339	-10.988	-7.0317	-1.329	-4.1492	-4.6555	0.53682	-3.2518	-6.4939	-8.9588	-7.3199	-11.134	-5.937	-1.4967	-3.764	-4.6747
5844	3	-4.89	-3.0649	-7.695	-8.5522	-3.9205	-10.195	-3.436	-5.0696	-1.1865	-6.0359	-4.89	-3.0649	-7.6237	-5.5515	-7.9715	-15.834	-1.9578	-9.448	-1.1935	-6.1933	-4.89	-3.0649	-2.8573	-5.5515	-12.37	-20.43	-1.7828	-10.104	-1.1937	-6.1993
5868	3	-0.49739	-3.7683	-3.3831	-4.4162	-10.908	-12.268	-1.6571	-0.75008	-1.4937	-4.8078	-0.49739	-3.7683	-10.021	-4.4975	-5.542	-6.5683	-2.7267	2.663	-0.80858	-1.7521	-0.49739	-3.7683	-13.381	-15.122	-0.2958	-3.249	-4.7461	3.6917	-0.69618	-0.39145
5911	3	-2.3853	-2.136	-7.4149	2.4685	-9.8278	-13.385	-2.2864	-4.1761	-4.1037	-3.0077	-2.3853	-2.136	-19.299	-6.1224	-2.0325	-0.72883	-8.581	-0.32201	-4.022	-1.0953	-2.3853	-2.136	-13.146	-0.65212	-8.2449	-7.3478	-2.2398	-2.1618	-4.0318	-1.147
5934	3	0.35314	-2.826	-9.6185	-13.494	-4.9239	-5.7906	-5.0682	-1.4267	-4.5811	0.043385	0.35314	-2.826	-3.2181	-6.8874	-8.9913	-12.499	-3.786	-4.2704	-4.6335	-1.3029	0.35314	-2.826	-6.2107	-10.414	-4.4934	-11.534	-6.5087	-1.4264	-4.5842	-0.13297
5936	3	-0.14548	-5.1964	-4.7714	0.19357	-11.929	-16.213	-0.89159	-8.7062	-4.2968	-6.4428	-0.14548	-5.1964	-11.363	-10.207	-1.9505	-1.7356	-6.4482	-2.8507	-3.6431	-2.2282	-0.14548	-5.1964	-8.7064	-0.35933	-5.5764	-8.7909	-0.75554	-2.6769	-4.1296	-4.2376
5952	3	-2.7521	-3.0849	2.1735	-15.152	-5.6208	-9.2584	-3.0641	-1.9612	-2.974	-5.5899	-2.7521	-3.0849	-2.6685	-14.334	-0.10234	-7.0364	-5.9744	-4.6521	0.32488	-3.78	-2.7521	-3.0849	2.646	-7.0936	-6.7758	-13.075	-1.0577	-4.5714	-2.9901	-6.8969
5966	3	-1.0984	-4.9278	-10.751	-6.6944	-4.0184	-7.8335	1.7894	-1.9593	-3.1221	-0.70225	-1.0984	-4.9278	-5.0704	-3.0464	-8.2875	-16.885	0.28272	-6.1504	-3.6932	-4.0125	-1.0984	-4.9278	-16.722	-12.534	-0.24987	-1.8625	-3.2251	-0.95208	-3.1092	-0.68539
6036	3	-1.4982	-0.63879	-8.283	-9.4712	-5.1114	-8.7507	-5.2483	1.1313	-1.4305	-2.5352	-1.4982	-0.63879	-7.6291	-1.6994	-9.0616	-11.43	-1.1281	2.637	-3.488	-5.2407	-1.4982	-0.63879	-14.042	-10.527	-2.7709	-3.893	-5.2467	1.1173	-1.4201	-2.4952
6039	3	0.19964	-5.5518	-7.6052	-6.1591	-6.9258	-8.9721	-4.9624	-0.19963	-2.9075	-3.2206	0.19964	-5.5518	-3.5011	-6.2429	-8.1388	-16.422	-5.2023	-3.7597	-3.2452	-5.3846	0.19964	-5.5518	-13.689	-14.2	-1.8337	-3.2807	-9.7438	1.4845	-2.9007	-2.2568
6079	3	1.0364	-4.9068	-9.8375	-9.1529	-2.1644	-0.069259	-11.558	1.4352	-3.9798	-1.8307	1.0364	-4.9068	-0.20427	-2.3045	-9.9777	-8.5411	-5.9332	-0.37253	-4.0228	-3.2298	1.0364	-4.9068	-5.535	-3.4955	-7.8893	-7.7202	-10.971	1.4346	-4.0062	-2.8149
6162	3	-1.5836	-4.6353	-1.1079	0.077508	-6.1593	-21.193	-2.1315	-8.427	0.33731	-4.381	-1.5836	-4.6353	-6.6193	-8.2577	3.8232	-5.9129	-6.6857	-2.0146	0.62252	-1.4814	-1.5836	-4.6353	-10.968	-10.131	4.3891	0.35599	-6.6856	-2.0146	0.62254	-1.4799
6199	3	0.44323	-2.7982	-13.855	-1.6287	-9.3249	-5.5767	-2.9512	-4.3295	-1.9954	-4.0634	0.44323	-2.7982	-5.5979	-3.2928	-15.615	-10.417	-5.6609	-5.8247	-3.6217	-7.3006	0.44323	-2.7982	-16.26	-12.264	-2.9813	1.6067	-8.5953	-2.0105	-1.6186	-3.048
6223	3	-2.3757	-2.5673	-9.5055	-9.3209	-1.0975	-6.1406	-3.3213	-3.6432	-1.8053	-0.46373	-2.3757	-2.5673	1.304	-0.07062	-12.012	-20.342	1.8015	-6.9164	-2.4413	-2.265	-2.3757	-2.5673	-6.8877	-6.0635	-1.8205	-10.879	-3.5055	-3.5714	-1.9966	-0.96882
6256	3	-2.2068	-5.8127	-14.089	-9.0042	-1.2913	-2.5081	-6.0882	-3.3354	-1.546	1.6136	-2.2068	-5.8127	-10.291	-0.74303	-4.1664	-8.5995	-3.8391	-3.2815	-1.5693	0.93237	-2.2068	-5.8127	-3.2799	1.0969	-10.801	-20.285	-0.15317	-6.734	-1.8665	-0.0094963
6270	3	1.0606	-2.4016	-8.7217	-3.9568	-1.5337	-13.012	-6.8	0.026545	-4.1829	-4.7552	1.0606	-2.4016	-5.1318	0.75707	-10.099	-21.862	-0.27083	-2.8879	-4.1991	-4.7632	1.0606	-2.4016	-12.545	-8.7941	0.56905	-7.0246	-6.4046	-0.26396	-3.6248	-4.0457
6286	3	-3.5311	-3.5614	-9.4116	-14.277	1.701	-3.5822	-9.7121	-2.7531	-1.1297	-2.3406	-3.5311	-3.5614	0.34383	-8.9838	-4.3123	-10.962	-4.0126	-4.1707	-1.131	-3.2475	-3.5311	-3.5614	0.58945	-4.7301	-5.6171	-19.97	-4.0068	-6.1137	-1.1314	-3.3343
6320	3	-1.7477	-4.8049	-0.82196	0.87451	-10.986	-26.214	-0.56468	-10.811	-1.3948	-4.0199	-1.7477	-4.8049	-7.1572	-10.345	-3.6976	-12.096	-3.9985	-5.8325	2.1935	0.4528	-1.7477	-4.8049	-9.1219	-10.386	-2.8062	-8.3694	-4.6774	-5.8321	2.2	0.53876
6333	3	2.0687	-5.2806	-10.304	-5.7787	-8.5337	-11.844	-7.2585	-9.4108	-7.5672	-5.4196	2.0687	-5.2806	-11.881	-9.5282	-7.9128	-6.9148	-7.4405	-11.17	-4.9664	-3.7421	2.0687	-5.2806	-13.239	-16.117	-4.6637	-5.4532	-11.185	-6.1105	-4.9658	-3.7419
6398	3	0.69917	-0.81803	-11.948	-9.0283	-2.2192	-9.4869	-1.5029	-2.5899	-0.82734	-0.044765	0.69917	-0.81803	-4.8744	-2.2098	-11.605	-23.441	2.5016	-5.6541	-1.6523	-2.0179	0.69917	-0.81803	-11.131	-2.4198	-6.586	-12.576	1.1767	-2.5866	-1.6387	-2.0103
6409	3	-0.62173	-0.6609	-6.67	-3.5376	-12.594	-20.976	-0.89796	-9.3552	1.0036	-7.0544	-0.62173	-0.6609	-12.093	-7.9677	-3.473	-10.754	-7.4464	-6.0875	1.0039	-6.979	-0.62173	-0.6609	-17.605	-13.402	-3.8505	-7.7202	-7.4362	-6.0878	1.0057	-4.9546
6464	3	-4.234	-1.993	-4.015	-2.5513	-9.9779	-21.03	-1.7328	-4.8679	-4.8727	-7.9041	-4.234	-1.993	-13.898	-12.962	-3.6932	-6.9797	-6.249	-1.4253	-2.9347	-3.266	-4.234	-1.993	-12.227	-7.1096	-2.1756	-10.994	-6.2517	-1.4117	-2.9406	-3.9594
6477	3	-2.5325	-2.0787	-11.185	-13.475	-1.1811	-3.2298	-6.6132	-8.0717	-3.5145	-4.6623	-2.5325	-2.0787	0.68367	-1.3461	-10.967	-12.469	-3.3872	-6.7895	-6.9537	-8.8545	-2.5325	-2.0787	-11.12	-7.6221	-1.7066	-7.509	-6.6209	-8.066	-3.5373	-4.7174
6503	3	-6.164	-9.9602	-3.0658	-6.5709	-7.9659	-12.948	-5.4082	-2.2781	-6.6593	-3.7127	-6.164	-9.9602	-9.5161	-11.229	0.77461	-5.0893	-4.0051	3.1842	-3.0278	-0.67416	-6.164	-9.9602	-3.0009	-10.408	-3.3785	-8.8353	-5.2075	-0.4622	-5.9394	-3.0102
6608	3	-4.0019	-3.4158	-9.4465	-9.0253	-3.212	-11.707	-5.4412	-8.1796	-3.2258	-1.3902	-4.0019	-3.4158	-6.8652	-3.4883	-11.336	-21.548	-1.884	-12.745	-3.4708	-2.483	-4.0019	-3.4158	-11.56	-13.902	-2.6846	-8.8615	-7.0801	-8.185	-3.2226	-0.51752
6641	3	-2.5675	-3.209	-17.866	-15.209	0.34758	3.5595	-12.516	-0.98908	-6.5053	0.92008	-2.5675	-3.209	-7.253	-5.967	-7.166	-7.1769	-6.0997	-4.7487	-6.5305	-0.28264	-2.5675	-3.209	-7.2541	-6.0204	-7.1408	-7.285	-6.0995	-4.7558	-6.6002	-0.62886
6642	3	-5.0065	-3.8662	-2.673	-2.4486	-7.1456	-18.345	0.76461	-6.1873	-1.9635	-1.8631	-5.0065	-3.8662	-9.5694	-13.71	-0.3741	-2.2448	-4.4368	-0.55659	-1.5379	1.8366	-5.0065	-3.8662	-3.2503	-11.499	-2.4689	-9.1707	-0.08891	-0.19323	-1.8327	-1.0876
6713	3	-3.9494	-3.534	-7.8915	-10.173	0.25523	-2.3286	-5.7813	-1.2382	-3.2355	-4.277	-3.9494	-3.534	-3.4127	-3.8894	-8.4423	-13.634	-2.4495	-4.4434	-5.3058	-5.3571	-3.9494	-3.534	-5.3882	-5.0146	-6.1887	-10.188	-1.7028	-3.6109	-3.8757	-4.612
6722	3	-1.149	-2.4331	-6.8132	-10.54	-6.9637	-5.1922	-0.50626	-5.3507	-0.78575	-2.771	-1.149	-2.4331	-12.144	-12.93	-2.1666	-0.97625	-6.5913	-5.2937	-0.78575	-2.771	-1.149	-2.4331	-4.6199	-9.3457	-7.0678	-9.0581	-0.49598	-5.3606	-0.80413	-2.9174
6744	3	1.8911	-0.036696	-0.90604	-2.7909	-11.267	-15.215	-1.7874	-6.1786	-3.205	-4.1159	1.8911	-0.036696	-11.077	-11.551	1.2761	2.9498	-7.1718	-1.2441	-2.1272	-2.9	1.8911	-0.036696	-10.513	-7.6936	-4.8908	0.95948	-7.1682	-2.1486	-2.1272	-2.9
6763	3	3.0908	0.032285	-16.59	-9.1161	4.0374	-6.9952	-8.394	0.58686	-1.328	-3.0847	3.0908	0.032285	-4.2013	1.9403	-6.3989	-13.59	-2.1041	-5.3189	-1.3775	-3.4989	3.0908	0.032285	-4.2695	-3.2347	-1.9243	-13.574	-2.1085	-4.3485	-1.3772	-3.4966
6774	3	1.5512	-4.5413	-7.289	-3.4574	-14.344	-7.5579	-2.5015	-7.3266	-4.4885	-4.3849	1.5512	-4.5413	-7.9696	-5.3634	-13.944	-6.0333	-1.9537	-7.3691	-4.3289	-4.0098	1.5512	-4.5413	-11.562	-11.117	-2.115	0.3836	-5.1817	-0.74109	-4.3286	-4.0091
6846	3	-1.7028	-4.5084	-7.8451	-4.3622	-3.3332	-13.252	-8.5401	-6.9879	-2.1107	-3.8983	-1.7028	-4.5084	-11.116	-9.8956	-1.6596	-8.2576	-8.4829	-7.4592	-1.9369	-1.7038	-1.7028	-4.5084	-2.6716	0.46336	-9.1796	-16.229	-2.3671	-11.644	-2.3286	-5.3783
6849	3	3.352	-8.5539	-4.4514	0.031954	-10.65	-14.001	-4.5703	-6.4804	-5.1733	-3.0859	3.352	-8.5539	-13.168	-13.179	-0.63349	-4.4528	-8.2079	-0.18948	-4.7376	-0.72086	3.352	-8.5539	-8.6052	-3.5916	-6.5195	-9.626	-2.9538	-5.1675	-4.7377	-0.72195
6857	3	-4.6572	-5.8868	-9.6928	-2.2026	-5.433	-10.663	-7.8434	-2.8486	0.19217	-1.0234	-4.6572	-5.8868	-12.865	-8.0022	-0.2469	-6.4814	-7.4688	-1.5983	0.37882	-0.68615	-4.6572	-5.8868	-5.0418	1.684	-8.4896	-14.902	-6.2557	-3.0585	-0.72957	-2.2205
6884	3	-2.0014	1.3104	-7.9486	-5.4924	-13.728	-19.049	-7.461	-5.8083	-3.5449	-3.5238	-2.0014	1.3104	-13.945	-7.4372	-4.3773	-12.189	-9.5431	-0.57871	-2.9836	-2.4862	-2.0014	1.3104	-13.848	-7.2416	-4.5948	-12.735	-8.8	-0.61984	-3.0545	-2.8436
6893	3	-3.3927	-2.0061	-5.2344	-2.7722	-7.6968	-21.939	-3.2156	-7.9873	-4.069	-4.1018	-3.3927	-2.0061	-11.175	-10.161	1.2825	-6.5663	-9.0407	-4.8468	-3.4019	-0.71648	-3.3927	-2.0061	-9.5803	-5.6654	-1.636	-9.7973	-9.1767	-4.5511	-3.6081	-1.7257
6908	3	-6.7237	-6.4315	-14.058	-13.896	0.54512	-4.3464	-5.4076	0.72453	-2.9435	-4.9103	-6.7237	-6.4315	-2.9261	-2.5532	-11.531	-22.867	0.1333	-5.5402	-3.8761	-6.8229	-6.7237	-6.4315	-9.3809	-3.4335	-5.5352	-13.785	-1.8531	0.85047	-3.8691	-6.8098
7000	3	-5.8396	-6.1052	-14.69	-4.7702	-2.9691	-10.967	-11.016	-5.384	-6.4637	-0.15701	-5.8396	-6.1052	-8.4792	0.80045	-8.1734	-21.945	-4.7819	-10.106	-6.729	-0.87457	-5.8396	-6.1052	-20.872	-10.547	-2.2688	-6.2212	-11.013	-5.3817	-6.3238	0.60347
7022	3	-0.92037	-1.4574	-6.2335	-3.8026	-6.1012	-9.1032	-5.039	2.4767	-4.789	-5.1734	-0.92037	-1.4574	-15.06	-11.767	-0.84363	-2.0381	-7.1121	3.5172	-4.7581	-5.1383	-0.92037	-1.4574	-9.5146	-7.9494	-6.0143	-2.1798	-5.3052	2.5211	-4.7581	-5.1383
7039	3	-1.1299	-4.3939	1.6451	-9.5755	-7.4074	-12.761	-4.8361	-1.4623	-0.49865	-9.2218	-1.1299	-4.3939	-6.4087	-12.287	-2.4176	-8.1789	-9.2634	-0.74884	-0.195	-8.2891	-1.1299	-4.3939	1.961	-3.163	-10.617	-24.422	-3.6901	-2.5627	-0.50998	-9.2759
7072	3	-3.072	-5.9704	2.9705	-0.83122	-8.344	-13.671	2.1963	-5.5111	-3.4623	-3.4248	-3.072	-5.9704	-9.5207	-13.554	-0.76189	-6.5344	0.25781	-3.1894	-3.4198	-1.0893	-3.072	-5.9704	-8.5624	-6.5885	-4.3182	-8.4642	1.8749	-3.5661	-3.4198	-1.0894
7083	3	-2.9272	-2.2545	-11.019	-12.319	3.3506	-7.4837	-5.2105	-1.4536	-4.1025	-3.7109	-2.9272	-2.2545	-1.8691	-4.418	-5.3746	-18.363	0.19177	-5.2486	-6.3167	-6.7158	-2.9272	-2.2545	-4.6068	-9.3367	-2.2552	-10.848	-5.0024	-2.1221	-4.1124	-3.8184
7104	3	0.064515	-4.4599	-8.6271	-9.258	-0.76218	-7.1	-2.2679	-4.9248	-2.8495	-2.26	0.064515	-4.4599	-7.6427	-7.3411	-0.081153	-9.6101	-2.8985	-4.9247	-3.811	-3.248	0.064515	-4.4599	-3.1411	-0.5957	-9.0524	-15.631	-1.6703	-11.085	-5.2896	-4.4735
7106	3	0.22577	-5.5493	-11.095	-7.8214	0.0029672	-4.5052	-7.0567	-0.091467	-3.1799	-4.3231	0.22577	-5.5493	-6.5491	-1.4423	-3.8131	-10.745	-4.8652	1.1301	-3.6611	-9.2344	0.22577	-5.5493	-0.36731	0.93808	-8.2624	-16.384	-2.3639	-2.6796	-3.6611	-9.2346
7119	3	2.3741	-4.7524	-0.21555	-6.215	-7.5777	-12.838	-0.71926	-4.2248	1.2615	-0.7416	2.3741	-4.7524	-11.211	-14.682	-3.0028	-5.9755	-3.1002	-3.6252	1.4907	0.44244	2.3741	-4.7524	-4.6447	-8.7502	-5.628	-11.245	-1.8459	-3.7225	1.3917	-0.15638
7201	3	1.1193	-3.313	-3.5807	-10.162	-2.0918	-10.208	-2.9869	-0.12745	-6.5743	-3.3742	1.1193	-3.313	-4.4328	-5.3461	-7.6505	-14.519	-5.2749	-5.669	-9.0796	-6.3343	1.1193	-3.313	-11.254	-14.366	1.0088	-2.859	-7.6615	-0.37531	-5.8067	-1.7163
7238	3	-2.323	-6.3648	-12.604	0.084293	-6.8139	-11.964	-1.0609	-10.134	0.76987	-5.1976	-2.323	-6.3648	-16.602	-12.669	-1.3465	-7.011	-6.4227	-5.0027	1.2161	-3.3981	-2.323	-6.3648	-15.76	-6.4296	-3.3772	-11.246	-3.6436	-5.002	1.2133	-3.5835
7253	3	-1.2395	-2.9475	-2.7449	-2.1555	-7.6737	-16.198	-2.9183	0.22382	-3.6285	-5.2666	-1.2395	-2.9475	-7.2536	-3.3334	-4.1865	-8.0168	-5.9083	0.36852	-3.2615	-4.8802	-1.2395	-2.9475	-13.785	-10.257	-1.1314	-3.9003	-6.931	-0.2748	-2.2824	-2.4359
7472	3	-2.3167	-2.8057	-12.785	-12.122	-1.2702	-0.53809	-3.318	-1.7531	-6.6767	-3.4479	-2.3167	-2.8057	-7.0444	-6.2843	-5.066	-9.0292	-1.1951	-1.4824	-7.0878	-4.3885	-2.3167	-2.8057	-3.1244	-4.7919	-7.269	-12.753	-1.1378	-4.0121	-7.6609	-5.487
7534	3	-4.5598	-5.1742	-11.946	-13.883	-3.4308	-2.0816	-4.1394	2.7796	-4.2697	-4.2144	-4.5598	-5.1742	-0.67017	-1.4907	-12.27	-12.466	-2.1544	-2.707	-5.3641	-8.4133	-4.5598	-5.1742	-7.8534	-5.0623	-6.8848	-7.4785	-2.1678	2.8495	-5.1301	-4.9364
7623	3	-2.5685	-9.2567	-10.04	-8.9183	0.23107	-7.4476	-8.6981	-8.1585	-2.1979	-7.6813	-2.5685	-9.2567	-14.598	-14.973	-0.074668	-3.255	-8.1081	-8.4118	-1.8899	-4.8841	-2.5685	-9.2567	-3.9455	-7.798	-4.8427	-10.765	-4.6305	-11.349	-2.7924	-10.751
7648	3	-0.62595	-2.4387	-7.0309	-11.756	-5.032	-6.7906	-3.4523	1.5614	-4.1878	-6.0979	-0.62595	-2.4387	-1.9658	-8.2516	-6.3301	-10.566	-3.0713	1.6639	-4.2899	-10.389	-0.62595	-2.4387	-10.487	-16.894	-0.56422	-2.7499	-7.0566	1.51	-4.1434	-5.7699
7650	3	-3.9292	-3.2806	0.88098	-4.3579	-9.1144	-13.586	-0.47677	-1.2995	-3.6407	-5.0021	-3.9292	-3.2806	-10.9	-16.042	-5.1261	-6.5015	-4.5862	-3.2082	-2.7858	-1.6992	-3.9292	-3.2806	-4.1548	-13.196	-5.656	-9.3582	-3.855	-3.2071	-2.786	-2.5453
7681	3	1.2486	-3.3497	-12.882	-10.475	-3.6443	-2.5123	-7.2015	-2.7091	-2.0577	-3.2207	1.2486	-3.3497	-2.5535	-3.6889	-11.996	-13.951	-3.8595	-9.2276	-2.5048	-6.8895	1.2486	-3.3497	-7.2911	-4.8203	-6.9683	-7.1295	-5.6201	-4.2824	-2.4964	-6.8511
7719	3	0.28933	-4.9943	-9.1958	-16.691	-0.14984	-8.1507	-7.9826	-5.1439	-4.071	-1.5601	0.28933	-4.9943	-1.4483	-5.2465	-8.3247	-19.861	-1.7022	-4.7506	-4.4023	-3.885	0.28933	-4.9943	-2.0065	-7.461	-5.3025	-15.748	-3.2868	-4.6722	-4.4023	-3.885
7733	3	-0.96071	-2.9986	-3.1308	-1.1948	-8.9907	-20.345	-2.6428	-7.2435	-3.6272	-6.8507	-0.96071	-2.9986	-10.373	-3.8846	-2.916	-11.849	-5.5076	-1.7138	-2.4453	-3.7594	-0.96071	-2.9986	-13.014	-10.752	2.2944	-9.5495	-5.0165	-2.9472	-1.8736	-3.3635
7825	3	-2.5447	-3.3501	-5.7698	-1.2709	-10.606	-10.702	-4.2929	-4.5564	-3.2839	-7.8871	-2.5447	-3.3501	-13.821	-9.1196	0.8904	-4.037	-9.5017	-0.26962	-2.4706	-5.251	-2.5447	-3.3501	-10.014	-3.8478	-4.4276	-6.9549	-4.3224	-3.5251	-2.8409	-6.6467
7849	3	-5.2874	-2.4846	-5.9471	-3.5509	-11.847	-20.488	5.5861	-16.423	-2.876	-5.3701	-5.2874	-2.4846	-12.019	-9.9994	-0.15011	-12.084	0.5191	-10.811	-2.8226	-5.1158	-5.2874	-2.4846	-6.9778	-9.904	-5.3361	-14.251	0.7247	-10.856	-2.876	-5.37
7873	3	-1.9292	-3.0676	-6.4239	-5.1929	-11.527	-16.024	-4.5293	-5.8302	-4.7744	-7.581	-1.9292	-3.0676	-8.0493	-13.926	-6.1859	-3.1809	-5.2182	-1.5434	-3.0023	-3.606	-1.9292	-3.0676	-13.329	-14.27	-3.1767	-0.39447	-7.5273	-1.146	-3.0016	-3.5989
7876	3	-3.034	-4.3893	-3.2842	2.3443	-5.3419	-10.575	0.59996	-7.4744	-0.26966	-9.6105	-3.034	-4.3893	-9.4089	-7.5413	0.63245	-2.8693	-5.1048	-7.5885	0.27493	-6.0907	-3.034	-4.3893	-5.8606	-4.286	-2.3015	-8.7	-3.3877	-7.2619	-0.19871	-9.1756
7908	3	2.339	-1.0953	-8.9632	-9.471	-3.7069	-1.5913	-4.4271	-6.6375	-3.9796	-2.5946	2.339	-1.0953	-4.2569	-7.6177	-6.696	-3.215	-4.3485	-8.9956	-3.9796	-2.598	2.339	-1.0953	2.376	-1.5202	-11.783	-10.451	-4.0715	-13.002	-3.9887	-5.7172
7977	3	-2.054	-0.51664	-4.4271	-0.55828	-11.12	-14.249	-7.6528	-4.4397	-4.8305	-6.5006	-2.054	-0.51664	-12.326	-9.9898	-2.0998	-6.8798	-9.7124	1.2086	-3.8249	-4.8092	-2.054	-0.51664	-8.478	-6.6161	-0.92083	-12.202	-9.7987	1.2109	-4.2991	-5.5499
7990	3	-2.2195	-4.6006	-5.874	-1.5703	-11.148	-13.995	-5.1888	-3.795	-7.215	-7.3084	-2.2195	-4.6006	-18.657	-10.777	-3.4159	-7.166	-9.3238	2.4403	-6.0539	-4.9243	-2.2195	-4.6006	-11.525	-2.8006	-8.559	-8.8886	-4.458	-3.7978	-6.5454	-5.1591
8022	3	-3.1896	-5.5294	-10.558	-15.259	-1.4079	-7.9166	-4.6345	-6.2575	-1.8309	-3.7963	-3.1896	-5.5294	-7.3172	-14.48	0.72577	-9.6881	-5.768	-6.2485	-2.3786	-5.3463	-3.1896	-5.5294	-2.2069	-6.6003	-7.2562	-16.986	-8.0249	-11.031	-3.6777	-6.7433
8043	3	-4.47	-3.3114	-8.2843	-13.065	-1.5038	-5.3054	-4.3564	-0.73207	-1.8191	-2.5469	-4.47	-3.3114	-3.6086	-1.4763	-9.7509	-21.083	-1.1951	-4.9833	-2.4124	-4.2788	-4.47	-3.3114	-4.2821	-6.0513	-3.2026	-10.693	-3.6268	-2.0284	-2.3763	-4.2147
8172	3	-3.0482	-4.2702	-7.734	-17.512	-8.057	-6.8529	-0.060519	-5.162	-5.599	-5.2575	-3.0482	-4.2702	-11.697	-20.365	-1.8794	-5.6015	-3.2155	-3.8471	-5.599	-5.2575	-3.0482	-4.2702	-4.3912	-17.505	-8.1431	-11.114	-0.045033	-5.2535	-5.6008	-5.2583
8174	3	1.4094	-3.4472	-19.696	-13.131	-3.7291	-5.0669	-9.0922	-0.47388	-4.3604	-2.7134	1.4094	-3.4472	-16.025	-6.8041	-9.3586	-8.1044	-9.0925	-0.64797	-4.3607	-2.7466	1.4094	-3.4472	-15.921	-5.2269	-9.743	-10.679	-9.0947	-0.92902	-4.3623	-2.8961
8218	3	-1.7224	-5.1608	1.2015	-1.1737	-9.873	-22.579	0.80348	-8.086	-5.8719	-7.8294	-1.7224	-5.1608	-0.26271	-12.102	-3.4832	-11.342	-1.8705	-2.4346	-5.6113	-5.7786	-1.7224	-5.1608	-8.3897	-12.687	-0.63384	-7.8081	-1.8943	-2.6875	-5.5107	-3.2587
8291	3	-1.2597	-1.3698	-14.481	-14.408	-1.2372	-8.0143	-7.5734	-1.7517	-3.5533	-2.6004	-1.2597	-1.3698	-7.791	-13.811	-4.013	-11.723	-5.5325	-2.4911	-3.5847	-2.8327	-1.2597	-1.3698	-4.9308	-3.8584	-9.6573	-17.581	-4.8124	-5.4168	-3.5969	-2.9104
8310	3	-0.32056	-4.0752	-3.3748	-1.8304	-8.4497	-12.759	-5.0602	-5.5878	-3.7703	-8.8775	-0.32056	-4.0752	-12.896	-11.018	-0.89215	-1.68	-7.9095	0.33666	-2.9227	-3.8052	-0.32056	-4.0752	-10.154	-5.2085	-5.8146	-6.8286	-5.2439	-0.94067	-2.9227	-3.8052
8330	3	-0.45912	-4.3606	-17.463	-12.17	-2.8905	-2.7414	-12.569	-5.849	-2.545	-0.73469	-0.45912	-4.3606	-11.727	-4.7298	-7.8205	-8.1422	-8.2078	-7.5782	-2.5558	-1.1679	-0.45912	-4.3606	-6.2064	-3.1505	-8.2962	-13.454	-8.2638	-7.7987	-2.5893	-1.4863
8331	3	-3.1456	-3.3012	-2.4964	-8.4628	-7.7934	-7.9104	-4.7253	-9.2507	-0.86169	0.84212	-3.1456	-3.3012	-13.213	-13.349	-2.8646	-0.61496	-6.4469	-2.7276	-0.86169	0.84233	-3.1456	-3.3012	-1.7741	-3.4814	-5.9741	-12.427	-8.152	-6.9716	-1.747	-1.1273
8407	3	-1.0311	0.31614	-10.196	-13.203	-0.50452	-4.1812	-7.324	-0.62071	-3.4975	-2.2686	-1.0311	0.31614	0.37224	-2.7875	-9.4133	-27.387	-3.2021	-5.4411	-5.4281	-6.4681	-1.0311	0.31614	-5.6705	-4.3315	-4.2601	-11.25	-4.8456	-0.4627	-4.2204	-3.7449
8411	3	1.3665	-4.5952	-11.673	-3.1451	-7.7997	-9.4336	-0.71426	-1.2615	-3.4159	-4.9016	1.3665	-4.5952	-15.022	-12.032	-2.1135	-0.31	-6.4346	-5.8666	-1.6892	-3.7427	1.3665	-4.5952	-5.7168	-2.8745	-12.897	-13.846	-0.74811	-6.3554	-3.7985	-5.639
8472	3	-0.29324	-2.9231	-6.3952	-9.2778	-9.5289	-1.759	-3.4559	-3.3742	-5.977	-3.0001	-0.29324	-2.9231	-0.65688	-8.5564	-16.301	-8.6078	-1.8903	-3.7438	-6.1205	-3.4749	-0.29324	-2.9231	-1.144	-6.7325	-15.858	-9.1453	-2.0526	-3.7416	-6.5449	-4.2588
8492	3	-1.8434	-3.3387	-8.7986	-9.4045	1.5743	-2.9874	-3.8668	-3.9566	-0.88575	-1.0755	-1.8434	-3.3387	0.58312	-0.88195	-4.5784	-20.094	2.3503	-9.1681	-1.0999	-3.4099	-1.8434	-3.3387	-2.4166	-6.1996	0.88772	-10.93	-3.8951	-3.9528	-0.97958	-2.3923
8536	3	1.8212	-4.3397	-5.1254	-9.2081	-10.291	-10.834	-7.7897	-4.0557	-3.9085	-3.7129	1.8212	-4.3397	-10.877	-15.514	0.0017398	-6.8463	-12.605	-0.70905	-3.3611	-2.1498	1.8212	-4.3397	-5.0845	-9.2378	-10.335	-10.893	-7.8757	-4.0624	-4.1413	-4.1865
8545	3	-2.1848	-2.8712	-5.8323	-9.7891	-7.192	-8.2767	-2.9615	-7.9482	-1.1243	-3.393	-2.1848	-2.8712	-0.99378	-0.45818	-10.586	-14.181	-2.6472	-9.9415	-1.1263	-6.6867	-2.1848	-2.8712	-10.065	-9.8287	-4.1095	-5.1654	-4.2357	-4.5876	0.52033	-1.3092
8569	3	-4.0355	-2.1309	0.53101	-3.9392	-5.5878	-16.502	-3.1533	-6.6401	-5.6882	-3.5574	-4.0355	-2.1309	-6.3724	-8.7289	-0.77313	-5.0275	-5.1048	-6.7543	-3.7324	-1.3652	-4.0355	-2.1309	-2.7008	-4.2609	-3.0335	-12.542	-4.498	-4.6168	-5.2125	-2.8033
8589	3	-3.2781	-6.4038	-1.7534	-7.8722	-3.2607	-12.195	-4.0525	-2.7386	-3.1417	-9.2532	-3.2781	-6.4038	2.654	-2.0097	-9.5557	-17.963	-2.9702	-3.1021	-3.1417	-9.2532	-3.2781	-6.4038	-6.9532	-10.683	-1.2011	-3.7168	-4.0281	1.4914	-2.4318	-6.5238
8623	3	-0.09976	-3.2545	-6.0703	-2.3851	-13.458	-13.305	-4.0324	-5.0558	-4.809	-8.7283	-0.09976	-3.2545	-12.254	-4.5777	-8.397	-7.667	-4.2375	-4.8357	-4.705	-8.28	-0.09976	-3.2545	-13.204	-10.846	-1.6626	-2.2852	-5.3066	0.65517	-4.6973	-8.2439
8640	3	-5.7453	-6.396	-1.4789	-0.0080041	-8.5155	-17.204	-1.2869	-5.092	-3.1472	-8.2392	-5.7453	-6.396	-12.67	-11.522	-2.82	-3.6227	-3.5306	-2.34	-3.0953	-4.4208	-5.7453	-6.396	-11.219	-7.4469	-1.9423	-8.9001	-3.5377	-2.2487	-3.0954	-5.4045
8667	3	-2.9856	-2.1056	-8.9838	-15.474	0.94018	-7.1843	-4.3567	-1.5609	-5.1673	-2.866	-2.9856	-2.1056	-2.4318	-8.2141	-9.6274	-16.294	-2.8057	-5.0132	-5.7275	-6.157	-2.9856	-2.1056	-7.2724	-8.828	-4.2196	-10.18	-4.3736	-1.9282	-5.299	-4.1911
8715	3	-3.3899	0.59159	-4.1008	-14.779	-3.7252	-0.85858	-5.1184	-3.45	-6.5654	-4.7926	-3.3899	0.59159	-9.0154	-14.782	1.7928	1.083	-6.8672	-3.3704	-6.5654	-4.7926	-3.3899	0.59159	-0.14861	-3.508	-9.3726	-16.273	-0.48516	-8.1232	-6.757	-9.9893
8736	3	2.0147	2.4722	-4.3249	-3.8368	-4.4541	-21.239	-0.13739	-5.3257	-2.7691	-3.1327	2.0147	2.4722	-10.123	-10.204	3.3807	-12.1	-1.807	-1.9649	-2.7691	-3.1327	2.0147	2.4722	-11.997	-14.201	3.8826	-6.6949	-1.8082	-1.943	-2.7679	-3.1267
8764	3	-1.2533	-6.4714	-12.137	-16.913	0.092833	-8.2541	-4.0155	-1.7594	-3.4392	-4.0307	-1.2533	-6.4714	-1.1199	-4.9251	-6.2344	-20.089	2.0381	-7.0118	-3.4923	-4.6758	-1.2533	-6.4714	-3.1717	-10.976	-3.1821	-17.624	-3.5939	-1.5907	-3.4923	-4.6758
8786	3	-0.86123	-5.9597	-9.1194	-3.8069	-4.6686	-10.95	-2.7172	-3.3583	3.8898	-2.996	-0.86123	-5.9597	-13.574	-10.611	-2.0002	-2.6672	-5.098	-3.6748	4.0307	-1.9561	-0.86123	-5.9597	-3.6303	1.249	-7.6873	-19.767	0.025181	-8.7027	3.7608	-3.6077
8840	3	-1.2553	-3.2448	-12.241	-11.722	-2.1455	-0.35634	-8.3961	-2.8782	-1.8662	-1.0481	-1.2553	-3.2448	-2.5071	-0.3702	-11.963	-14.891	-2.7027	-7.4904	-3.0335	-3.5037	-1.2553	-3.2448	-8.7643	-1.3962	-6.628	-8.9216	-2.1668	-7.0544	-2.4788	-2.8383
8921	3	-3.0342	-2.5182	-10.432	-5.0024	-3.1166	-9.8067	0.42299	-0.67341	-1.8957	-6.6805	-3.0342	-2.5182	-2.5721	-2.2265	-8.1648	-21.991	-0.4159	-4.2587	-3.962	-9.2841	-3.0342	-2.5182	-15.144	-7.2194	0.17301	-5.9201	-4.6867	0.14372	-1.4427	-5.2321
8959	3	-4.1123	-4.4989	-6.4104	-6.126	-7.6996	-6.0036	-3.4836	2.8268	-2.2886	-2.7276	-4.1123	-4.4989	-11.969	-13.823	-5.3069	-2.1052	-6.0762	4.3526	-2.285	-2.1953	-4.1123	-4.4989	-10.912	-8.5586	-8.3566	-3.1141	-3.4639	1.9797	-2.2852	-2.261
9005	3	-0.30455	-1.2681	-20.096	-14.428	-2.7024	-6.3063	-8.7038	-5.2766	-0.32585	-1.3454	-0.30455	-1.2681	-13.399	-3.2102	-7.4334	-10.183	-2.8317	-9.2669	-0.32593	-3.3218	-0.30455	-1.2681	-9.611	-3.1161	-12.889	-10.964	-2.5506	-9.6423	-0.32595	-3.3642
9022	3	-3.6495	-1.5307	-11.22	-6.9234	-10.907	-13.495	4.8756	-8.7371	-2.3606	-5.0129	-3.6495	-1.5307	-16.346	-15.326	-5.5401	-6.9958	3.5916	-4.0006	-2.1986	-3.7596	-3.6495	-1.5307	-14.281	-10.353	-5.5594	-9.6792	3.6136	-3.995	-2.2194	-3.9334
9044	3	-4.1452	-4.1214	-9.3362	-11.615	-2.4102	-6.014	-6.6315	-2.0577	-4.0799	-0.014313	-4.1452	-4.1214	2.6059	-3.1566	-12.883	-25.868	-1.1822	-7.5266	-4.1606	-3.9426	-4.1452	-4.1214	0.32318	-7.0851	-6.4201	-12.183	-3.8626	-3.4103	-4.1606	-3.4501
9050	3	-0.11024	-1.5003	-10.526	-9.3581	-7.1992	-3.5676	-3.9923	-1.8764	-3.6569	-4.9878	-0.11024	-1.5003	-5.0047	-3.6759	-9.2078	-15.27	-3.3438	-5.9972	-3.8775	-8.0838	-0.11024	-1.5003	-1.8851	-3.6572	-13.833	-17.625	-3.2876	-6.6499	-3.8775	-8.0838
9065	3	-0.38548	-0.86571	-2.7845	-1.1709	-11.073	-15.872	-0.90001	-7.0994	-2.9855	-5.3154	-0.38548	-0.86571	-7.2338	-7.445	-8.0668	-7.9922	-0.89941	-4.7717	-2.9833	-2.0924	-0.38548	-0.86571	-2.8876	-7.4455	-8.0973	-10.164	-0.89951	-4.7936	-2.9837	-4.4426
9106	3	-2.6082	-2.3417	-10.392	-10.361	-7.2065	0.472	-8.1726	-0.55181	0.47902	-3.9639	-2.6082	-2.3417	-3.8531	-7.7785	-12.151	-8.8319	-3.6047	-5.7757	0.18563	-4.2749	-2.6082	-2.3417	-15.146	-14.608	-0.74764	0.69198	-8.4192	-0.22462	0.47902	-3.9639
9158	3	-0.90946	-3.571	-11.859	-2.6216	-5.2288	-12.322	0.96364	-5.1992	-1.9719	-3.6457	-0.90946	-3.571	-17.907	-13.887	0.20518	-1.3493	-3.6705	-4.6915	-1.8989	-1.5074	-0.90946	-3.571	-5.6727	-1.7047	-10.405	-21.319	1.2685	-8.3619	-1.9719	-3.6458
9281	3	-2.5783	-4.9888	-4.2386	-9.2967	-1.8875	-7.9375	-4.9269	0.071959	-3.6724	-1.8738	-2.5783	-4.9888	-1.6054	-3.9529	-8.4409	-11.861	-0.34405	-5.3853	-6.8817	-6.0738	-2.5783	-4.9888	-5.8616	-4.1419	-6.0481	-8.6218	-0.54506	-5.3727	-6.4981	-4.5416
9432	3	-1.0466	-0.99068	-0.47626	-2.32	-13.112	-27.881	-1.07	-5.0453	-2.6466	-11.653	-1.0466	-0.99068	-9.8691	-5.7317	-2.8975	-10.929	-6.1005	-0.16318	-2.6466	-9.5425	-1.0466	-0.99068	-11.096	-10.279	-2.8971	-4.4746	-5.9273	-0.4351	-2.306	-6.7605
9434	3	-3.8534	-6.9573	-5.4656	-5.9207	-11.256	-14.265	-5.7884	-1.8073	-4.1691	-4.8995	-3.8534	-6.9573	-11.592	-15.647	-1.4584	-10.052	-8.5005	0.46577	-3.8338	-3.3313	-3.8534	-6.9573	-5.3467	-7.5645	-7.3261	-12.911	-5.8308	0.54723	-4.0108	-4.2543
9496	3	0.22077	-4.2267	-3.535	-1.46	-9.8354	-15.009	-1.6907	-9.836	-6.1348	-8.3779	0.22077	-4.2267	-9.1578	-6.3209	-1.1339	-10.545	-4.4617	-5.9657	-5.5287	-5.6847	0.22077	-4.2267	-11.223	-8.5797	-1.4735	-8.6429	-3.4692	-6.3035	-4.9444	-3.5937
9520	3	-1.7761	-6.8425	-11.174	-10.674	1.0776	0.3955	-4.6068	-2.2238	-4.5601	2.1464	-1.7761	-6.8425	0.0078872	-0.64277	-7.4287	-17.995	0.68102	-5.2217	-4.8812	-1.5549	-1.7761	-6.8425	-6.4141	-2.7115	-3.7784	-8.502	-0.38694	-3.0153	-4.6753	-0.016363
9640	3	-4.974	-3.1632	-7.4941	-11.167	-4.6482	-5.6027	-1.5378	-1.7147	-3.2373	-2.2966	-4.974	-3.1632	-0.14338	-5.2839	-13.094	-18.107	-0.59334	-6.6198	-3.8638	-4.8797	-4.974	-3.1632	-5.7199	-5.2433	-9.6438	-11.952	-0.52507	-4.2536	-3.6199	-4.0018
9684	3	0.82419	1.8534	-7.7655	-1.8833	-5.4987	-13.008	-6.3029	-6.3967	-3.4811	-3.0123	0.82419	1.8534	-18.668	-12.413	2.6746	-2.1954	-11.091	-5.6424	-2.3654	-1.1806	0.82419	1.8534	-12.576	-7.276	-2.7412	-5.4301	-5.045	-6.4263	-2.3654	-1.1806
9724	3	-0.76933	-5.9919	-4.9665	-1.6008	-10.736	-16.654	-5.7011	-7.1296	-6.0972	-5.8704	-0.76933	-5.9919	-9.1085	-7.3617	-5.3446	-3.1705	-6.2248	-1.5443	-6.0668	-2.9399	-0.76933	-5.9919	-15.141	-13.144	1.0711	-2.0753	-9.4751	-1.5411	-6.0668	-2.9399
9741	3	-0.76153	-3.0837	-9.0815	-13.355	3.8214	1.9244	-3.7864	1.2302	-4.2025	-4.2281	-0.76153	-3.0837	-0.62135	-9.9679	-2.3441	-5.0817	-1.233	0.81286	-4.2025	-5.2639	-0.76153	-3.0837	1.3455	-2.4078	-5.9354	-13.055	0.19862	-2.9811	-4.44	-8.9697
9859	3	-3.2989	-2.2353	-10.525	-12.782	-2.7215	-10.23	-11.608	-3.8551	-2.6616	-4.1968	-3.2989	-2.2353	-10.713	-13.175	-2.698	-10.177	-11.79	-3.7641	-2.8638	-4.1988	-3.2989	-2.2353	-10.42	-12.58	-2.7032	-10.461	-11.58	-3.8145	-2.8941	-4.3061
9860	3	0.55553	-3.4495	-1.8581	-3.0654	-9.8148	-19.577	-3.7989	-5.3268	-2.9085	-1.965	0.55553	-3.4495	-11.498	-12.758	0.31899	-4.1545	-8.9545	-1.3849	-2.8801	-1.0621	0.55553	-3.4495	-7.9072	-4.0947	-5.0441	-12.3	-4.7008	-1.9754	-2.9085	-1.9648
9960	3	0.409	0.33286	-11.813	-11.073	0.72477	-3.8515	-2.9092	-7.4489	-3.6225	-1.5393	0.409	0.33286	-6.1432	-7.1891	-1.7566	-10.906	-1.056	-6.5945	-4.2226	-3.5332	0.409	0.33286	-7.7837	-8.9831	0.50573	-7.8596	-2.8641	-7.4489	-3.6225	-1.5393
9977	3	-2.5066	-3.0837	0.18241	-3.532	-9.9513	-16.381	-0.46638	-3.1289	-2.4381	-6.3783	-2.5066	-3.0837	-6.9124	-13.483	-4.458	-2.4638	-5.2252	-0.60207	-2.3375	-4.5824	-2.5066	-3.0837	-12.969	-14.027	-0.21125	-0.87755	-5.7348	-0.35008	-2.3375	-4.5824
9996	3	-1.3713	-3.3352	-9.436	-14.445	-1.026	-11.422	-3.1659	-3.3328	-0.4769	0.35843	-1.3713	-3.3352	-5.3955	-14.313	-4.9363	-12.93	-2.2695	-0.68622	-3.7129	-1.3808	-1.3713	-3.3352	-8.4543	-13.931	-0.51114	-11.958	-3.2834	-3.2886	-0.57277	0.13467
