25	3	5.321322	3.198026	-2.713695	-7.520218	5.203486	3.468181	2.143656	5.912660	3.618076	4.294738	5.321322	3.198026	3.432137	-1.395951	0.941521	-0.046547	-0.075271	3.851747	2.365161	3.512588	5.321322	3.198026	3.522897	3.208427	-4.975965	-4.898208	0.628831	1.406662	2.342720	3.506127
76	3	5.196818	3.606566	-6.766812	-4.407337	5.157677	4.303217	3.229048	5.344246	4.389138	3.560855	5.196818	3.606566	0.795389	-3.016486	0.752130	0.763823	4.962122	4.561393	4.389115	3.195744	5.196818	3.606566	2.041233	2.376478	-2.653252	-5.279583	7.623110	2.426422	4.365116	1.277040
79	3	5.029272	3.860592	-11.170713	-2.679360	1.480088	8.089962	2.284625	3.521202	4.597809	4.312849	5.029272	3.860592	-7.033877	1.164706	-3.999765	2.565381	4.113295	3.451800	4.597802	4.312449	5.029272	3.860592	-1.988210	5.256480	-0.984914	-0.941017	4.026654	3.893051	4.359398	2.527261
101	3	5.196552	2.396531	-10.253925	-3.663242	1.966682	3.969373	-1.211989	1.651398	3.587108	6.504458	5.196552	2.396531	-3.880181	3.408096	-2.024593	-2.193692	3.076999	1.665418	3.443043	1.846306	5.196552	2.396531	2.117773	3.418829	-5.846191	-10.920355	4.446278	1.668704	3.439586	1.839560
183	3	4.267224	3.627216	-9.133869	-6.218537	5.077236	8.599541	3.588816	6.749082	3.440003	3.545370	4.267224	3.627216	1.537747	4.344738	-2.642605	-4.999775	6.506022	1.079428	3.111303	-0.588988	4.267224	3.627216	-2.787551	3.417216	0.067331	0.574649	6.155070	1.314156	3.111340	0.692311
219	3	5.596952	1.698756	0.118818	-4.954539	0.575726	3.873480	3.566442	-2.292627	2.786559	1.856891	5.596952	1.698756	0.389103	3.570990	-5.501750	0.382372	5.394092	-3.800700	2.764146	1.309132	5.596952	1.698756	-3.327451	-8.203845	5.339775	10.323327	0.602770	2.564882	2.796392	1.951000
271	3	4.530601	1.813295	1.111180	4.758249	-4.080599	-5.524998	2.957036	-0.592792	2.399199	1.010780	4.530601	1.813295	-4.627978	5.145903	1.474509	1.416050	0.892943	2.733767	3.320167	2.921803	4.530601	1.813295	-7.658795	-4.220575	6.825429	7.691376	-1.349065	3.232794	3.334629	2.929699
340	3	2.863079	1.148012	-10.506291	-3.506464	5.580017	4.025272	3.681190	3.914013	3.987732	4.171936	2.863079	1.148012	-7.059951	2.277842	4.377956	0.645353	3.618868	4.552268	3.739090	2.553254	2.863079	1.148012	0.122728	6.427279	-2.200578	-7.978487	4.849077	-0.179967	3.703524	2.455026
368	3	5.637056	3.919386	-3.454777	-8.278263	4.082105	6.143809	3.827583	5.793661	3.512875	4.676889	5.637056	3.919386	4.001676	-3.563119	2.033574	-1.501926	5.150569	5.636231	3.493489	4.368680	5.637056	3.919386	7.130739	2.361255	-3.757136	-4.829692	6.077593	1.010977	3.392824	3.694364
407	3	5.835921	2.745846	4.022995	5.754646	-3.746054	-0.956283	1.508360	-1.523806	2.854358	3.295362	5.835921	2.745846	-6.630849	-5.148749	5.051885	6.038492	-4.209388	3.632812	3.128338	5.191250	5.835921	2.745846	-4.940080	0.045495	1.569842	4.988928	-2.867851	3.552448	3.128333	5.190956
433	3	4.238049	-2.324886	0.130171	2.394049	-6.843167	-0.566272	-0.954654	2.012105	-0.943741	2.659497	4.238049	-2.324886	-1.724498	-2.464907	-2.531467	6.038556	-0.518533	4.005199	0.284316	3.276207	4.238049	-2.324886	1.772595	2.435263	-9.841841	-1.913152	-0.985061	1.786044	-1.518052	0.024520
463	3	6.149616	4.932144	3.162858	-0.407786	-5.332793	-4.215563	7.051689	0.683500	3.004096	0.074679	6.149616	4.932144	-6.300426	-6.153532	4.089631	5.981721	1.709652	6.019299	4.403645	4.397975	6.149616	4.932144	-1.882940	-0.316352	-0.247413	0.520857	4.596782	0.520965	4.179880	3.032451
517	3	5.491667	2.388510	0.346664	0.669706	4.410181	-0.145175	-5.290557	8.342092	1.421221	3.197683	5.491667	2.388510	-2.111862	-4.240930	5.344719	3.042699	-4.942122	8.225988	2.619516	4.783514	5.491667	2.388510	5.616498	3.416163	-2.186869	-7.690831	0.278724	2.010411	1.299421	2.832245
632	3	5.405369	2.094793	-5.768701	-3.918270	5.936610	4.665509	4.536770	7.462622	4.590022	2.600204	5.405369	2.094793	4.461674	4.657288	-2.922843	-6.616384	5.740788	2.430551	3.332806	-0.812818	5.405369	2.094793	0.566814	2.116786	-0.924396	0.926502	8.637729	5.792699	4.590022	2.600204
634	3	4.482508	-0.212504	4.950651	1.400663	-7.505173	-11.640216	5.840910	0.033560	3.206902	-0.337900	4.482508	-0.212504	-2.734565	-2.999331	2.371348	3.107049	3.474474	3.535001	4.276892	4.478790	4.482508	-0.212504	4.557903	-3.723922	-1.605049	-0.399868	5.153805	3.745183	3.325720	-0.073239
672	3	4.691464	2.697575	-3.659312	0.139212	2.361041	-3.515554	6.131510	0.218947	3.208434	1.317052	4.691464	2.697575	2.169073	2.688507	-3.133856	-8.413597	7.316899	-3.882458	3.126929	1.013388	4.691464	2.697575	-2.047877	-2.793937	7.870826	-2.388559	5.957187	0.053787	3.647985	2.080822
675	3	5.207154	4.094366	-4.475760	-7.951349	2.518942	5.632384	0.882307	5.448172	4.501267	4.642033	5.207154	4.094366	3.736767	3.341620	-3.455045	-4.023049	4.464008	2.418200	1.869649	1.566148	5.207154	4.094366	0.637158	-1.801784	0.983477	-2.620694	4.635264	4.824011	4.198242	4.218490
689	3	5.389466	3.934331	-3.330683	-12.642364	5.055600	6.070823	0.571396	1.992510	4.304965	4.981081	5.389466	3.934331	2.395374	-9.258737	0.929638	0.855150	4.269422	1.993011	4.303707	4.463993	5.389466	3.934331	4.192931	-1.507190	-3.656325	-0.545531	5.299672	-1.432571	4.299549	3.745557
704	3	6.172792	4.619771	3.673328	5.002560	-7.149585	-11.855182	3.699284	-2.773305	3.597982	1.110034	6.172792	4.619771	-4.606830	-6.336651	3.525336	4.198436	0.484296	-0.094829	4.737622	4.387794	6.172792	4.619771	-0.911457	4.965487	-0.896539	-1.343940	3.755265	0.698427	3.614154	1.143153
748	3	2.857128	0.967551	-0.990273	2.880953	-3.328230	1.511947	3.426941	0.941017	2.781275	2.610147	2.857128	0.967551	2.798900	5.221890	-4.404785	-2.881746	1.862231	0.985707	2.044678	1.847884	2.857128	0.967551	-5.514791	-3.331933	2.531952	8.655116	-0.954138	7.423818	2.821066	2.628957
826	3	5.117121	3.872020	-8.068847	-6.833692	5.434312	8.968095	-0.041897	4.966465	4.960009	2.890475	5.117121	3.872020	1.594124	3.853901	-7.083786	-8.866137	5.987571	1.363496	4.238440	0.775094	5.117121	3.872020	-1.485942	-0.748630	-1.051122	5.131988	4.343691	3.706457	4.960008	2.890472
986	3	4.856696	2.583831	2.789498	2.148380	1.306417	-3.215844	3.420584	1.645531	2.815316	1.717180	4.856696	2.583831	0.592197	0.665545	3.119204	-0.836503	2.127107	1.657514	2.908858	1.879142	4.856696	2.583831	-1.212565	-5.280796	6.359755	5.586245	3.031527	1.650913	4.009282	3.979942
1009	3	4.280047	3.109722	-1.062122	-0.254668	1.470620	-0.998375	-2.984739	5.812759	1.547244	1.531999	4.280047	3.109722	-11.613242	-5.539547	5.578990	3.947168	-5.049514	6.165384	1.982148	2.770819	4.280047	3.109722	-6.822915	-0.263000	5.247695	-0.316826	-5.058215	6.408480	1.608678	1.697931
1023	3	6.116774	1.891466	-6.924124	2.587540	-1.893022	2.114684	5.075217	6.124649	3.316249	4.140195	6.116774	1.891466	-11.150272	-3.614482	3.523843	9.180717	3.063979	7.354358	3.316249	4.140423	6.116774	1.891466	-2.499837	4.681457	-1.840335	-0.383544	5.071018	6.154253	3.316248	3.397567
1028	3	2.951144	1.427659	1.439968	3.509763	-0.868827	-4.077258	0.487260	-0.533640	0.220195	1.844047	2.951144	1.427659	-10.300771	-6.837904	4.262740	3.691411	-2.867227	5.325398	0.983383	4.355368	2.951144	1.427659	-2.016396	3.314544	1.317525	0.478719	-1.038444	5.168073	0.962516	3.594287
1048	3	5.275759	2.370989	2.212887	1.113225	0.026419	-1.242729	1.426617	2.181166	4.133862	2.543175	5.275759	2.370989	-4.499765	-4.495713	4.760281	8.769447	-3.053431	4.169596	4.265320	4.414416	5.275759	2.370989	2.463932	6.923612	-3.416160	-5.972945	1.433461	-0.405913	4.027467	0.926324
1082	3	4.153682	-1.454826	-0.001077	3.596635	3.042110	-1.876728	1.106593	6.235159	3.377173	0.464256	4.153682	-1.454826	5.136684	5.389493	-0.604306	-5.077512	3.029791	4.856611	3.377115	-0.335986	4.153682	-1.454826	-1.006608	-3.628755	6.484870	1.828915	-0.928108	4.797117	3.959052	3.918877
1115	3	5.453987	2.308572	-1.873897	1.887799	2.879661	-0.404792	5.375732	5.066069	3.102255	1.940917	5.453987	2.308572	-4.523673	-3.200390	6.478586	6.573017	2.809458	5.204140	3.190908	4.006323	5.453987	2.308572	6.014118	5.554831	-3.460481	-7.179971	6.992330	2.166278	2.245255	1.169623
1163	3	4.172784	4.000627	-3.570714	-6.475443	4.665059	3.744331	-0.364507	0.023952	3.491721	3.156859	4.172784	4.000627	2.308826	1.674130	0.083101	-10.975674	5.268602	-5.139668	2.934620	-0.815288	4.172784	4.000627	0.311615	-2.588986	3.949993	-2.194295	-0.350245	0.023526	3.491716	2.113010
1169	3	3.175599	1.651609	1.739429	-4.736502	4.145042	2.449428	-0.467028	4.981436	4.586507	3.939584	3.175599	1.651609	2.104251	3.013913	-0.701519	-2.785292	-4.999971	3.239386	1.961219	2.509314	3.175599	1.651609	-1.833846	-4.779390	5.847906	6.425256	-0.467027	4.994553	4.586509	3.939588
1189	3	4.580501	3.538730	-13.463989	-5.994868	4.530841	6.691910	0.229567	3.151330	3.972946	4.022626	4.580501	3.538730	-7.085656	5.184113	-1.043971	-0.965493	3.674200	1.070415	3.970011	3.633427	4.580501	3.538730	-0.788274	5.188532	-5.796227	-1.761972	4.664076	-1.898578	3.966987	3.445880
1209	3	4.747075	0.809178	-0.221199	6.847194	-1.479988	-0.405466	5.748210	2.605998	3.083187	2.778359	4.747075	0.809178	-0.533416	0.535798	0.964312	-0.014858	5.038457	2.929958	3.084723	3.941235	4.747075	0.809178	-7.077740	-4.736481	1.300279	4.103148	4.997829	3.585624	3.084749	4.815572
1215	3	6.040829	3.377234	-2.844348	1.145466	-0.359886	-2.444661	1.976700	-0.040922	1.953388	2.298907	6.040829	3.377234	-8.049790	-5.908381	4.792734	3.940691	-1.092773	0.441681	4.584874	4.452785	6.040829	3.377234	-2.811039	1.152013	-0.328791	-2.531642	1.986761	-0.055235	1.657901	2.031996
1267	3	4.912850	3.226784	-0.284317	4.409577	-0.262154	-4.240447	-0.496755	6.849770	2.454505	4.736145	4.912850	3.226784	-7.174328	-4.070145	2.140193	5.020141	-1.644240	9.054512	2.454528	5.012267	4.912850	3.226784	-3.966033	4.351951	-0.288330	-1.501553	-0.439112	6.849300	2.454524	4.955231
1280	3	5.739145	3.124425	-2.924221	2.195987	2.347929	-3.901584	4.834804	4.091297	3.344277	0.006542	5.739145	3.124425	2.984372	4.605076	-4.450322	-13.279228	5.230323	-0.308116	3.319161	-0.116870	5.739145	3.124425	-0.918590	4.514100	0.589652	-4.341522	5.063362	3.202256	3.333049	-0.048467
1291	3	5.512053	3.124008	-4.880503	-13.752751	5.595962	6.478405	-1.818968	2.147486	2.533847	1.988312	5.512053	3.124008	4.665534	-2.655308	-0.894795	-0.002924	1.237076	1.364087	2.514006	1.965407	5.512053	3.124008	0.354264	-7.490547	-0.150870	4.099307	1.294324	1.815123	2.533847	1.988312
1295	3	6.083039	4.000358	-4.814264	-4.820683	7.827295	4.468755	-0.788605	3.309822	4.426306	2.900456	6.083039	4.000358	4.030482	6.745366	-2.738233	-12.542834	5.572786	-1.966855	4.019876	-0.645057	6.083039	4.000358	-4.519179	5.091573	2.936267	1.095585	1.516130	3.432194	4.385935	2.610992
1343	3	5.137176	2.763722	5.884151	4.371300	-3.237811	-2.384011	4.272735	-0.132977	3.483281	2.885647	5.137176	2.763722	-3.368453	-1.623853	6.378373	4.377307	-0.985037	2.312929	4.056810	5.715076	5.137176	2.763722	-1.372892	-0.792389	5.605392	2.906680	-0.979085	2.306798	4.056641	5.635158
1379	3	5.867697	3.291050	-6.638151	-2.115270	5.513768	2.074960	0.459675	3.685919	2.852552	3.284385	5.867697	3.291050	4.941227	4.618833	-5.194644	-13.695473	3.788507	-1.288168	2.420536	1.167227	5.867697	3.291050	4.342628	-0.339657	-0.103688	-9.320032	3.511105	2.430158	2.420536	1.167227
1402	3	3.140866	0.048751	-1.719209	-2.030281	7.086201	-1.585454	-3.353067	1.527857	2.499251	0.892551	3.140866	0.048751	3.706397	3.845760	-2.447716	-10.679246	2.815253	-1.720973	2.481412	0.823740	3.140866	0.048751	-5.266418	-7.137114	6.637772	3.757171	-2.364951	-0.989448	3.232833	3.060163
1423	3	5.758143	3.287338	0.996071	5.013144	-6.552843	-5.455975	1.917462	-0.167371	-0.056730	3.417531	5.758143	3.287338	-1.187486	5.189205	-6.392074	-1.515153	1.920727	-0.167722	0.279930	4.300093	5.758143	3.287338	-10.869050	-3.632881	2.650547	8.643202	-4.047038	5.908390	0.501731	5.047175
1432	3	5.531556	2.673896	-5.585364	-3.044942	5.304155	1.833425	3.338576	1.115299	4.217406	3.845085	5.531556	2.673896	4.257334	4.419661	-0.499832	-6.607094	4.777822	-2.567686	3.633951	-0.183267	5.531556	2.673896	-1.564767	1.241756	4.102384	0.119028	4.082525	1.135959	4.203704	1.408444
1450	3	3.396409	0.956696	4.574408	3.474187	-2.935730	-15.281252	5.822022	0.952589	1.418701	1.256300	3.396409	0.956696	0.342235	-1.493497	4.681250	0.395061	0.690781	5.546950	1.996781	2.473540	3.396409	0.956696	-4.638439	-6.547422	6.540786	4.906126	0.708976	5.519886	2.023089	2.501017
1464	3	6.218794	2.109981	5.788541	-0.567592	-3.178176	0.618011	2.076301	2.741260	1.132002	0.450603	6.218794	2.109981	-3.476742	-8.102538	3.059031	5.119691	4.767199	5.132867	3.381277	3.652759	6.218794	2.109981	5.297032	-2.364604	-1.080240	1.098438	2.342184	2.767222	1.388899	1.834744
1473	3	3.869602	2.269360	-5.474074	-6.008415	5.160117	7.897292	-0.032342	6.723818	3.360992	4.459427	3.869602	2.269360	0.874894	3.745578	-4.309978	-1.790413	3.416936	2.592388	2.620140	2.705311	3.869602	2.269360	0.588326	-5.421162	-0.735479	3.385657	3.945405	4.284929	3.355062	4.439704
1506	3	3.797410	3.120595	-7.395172	-9.305275	6.420741	6.657041	-2.375716	5.175399	0.900645	1.713589	3.797410	3.120595	3.554313	0.150218	-1.324993	-4.627536	2.989313	-1.033354	0.462873	-4.738670	3.797410	3.120595	3.546523	-3.697387	0.408544	-2.527473	2.985163	0.319922	0.462876	-4.024282
1620	3	6.521377	2.798261	-5.627505	-8.766672	5.740196	6.875356	-0.692097	1.936518	5.359430	2.983354	6.521377	2.798261	5.705190	3.944238	-3.557988	-12.177636	4.238690	0.618595	2.585288	0.235493	6.521377	2.798261	0.414819	-2.387135	1.397126	-3.428762	3.900947	5.121673	4.012630	2.277290
1623	3	5.756403	3.166506	-4.839359	-6.722339	6.536661	5.578543	3.075253	1.869337	4.003431	4.655753	5.756403	3.166506	1.561423	-1.321959	3.823204	-3.284437	4.999084	1.874785	3.764396	2.053969	5.756403	3.166506	3.338566	4.527287	-4.466338	-13.510076	6.934388	-3.108685	3.565888	1.130521
1646	3	5.479554	3.140176	-8.161407	-7.257423	5.368180	7.288840	2.021382	4.105663	2.722744	2.196598	5.479554	3.140176	-3.170275	-1.088333	5.278362	0.737263	1.941168	4.141927	2.523228	1.301033	5.479554	3.140176	2.619403	2.981704	-5.762119	-9.856787	4.587647	-1.533497	2.394645	-0.581064
1650	3	5.436634	3.896447	1.029032	1.398543	-5.114447	-5.869337	1.337539	3.017416	1.767538	-2.210668	5.436634	3.896447	-5.768971	-5.491850	3.727101	7.852087	-0.854776	6.472736	3.337805	3.060626	5.436634	3.896447	-3.283897	-3.306842	-0.125601	5.748851	3.922223	4.703632	3.337805	3.060625
1700	3	5.469028	4.546520	4.478199	4.480518	-4.355595	-8.253335	5.501530	-0.379552	2.118604	0.977725	5.469028	4.546520	-1.996132	3.320417	1.399451	0.809408	5.039882	4.619726	2.852412	3.419115	5.469029	4.546520	-4.750395	-2.352665	3.277875	5.139144	2.647330	5.366153	3.495180	4.942446
1709	3	5.620552	4.214447	3.430418	-0.102520	-2.437810	-3.451117	3.027350	1.267923	0.957040	1.004357	5.620552	4.214447	3.106200	-0.291093	-2.278539	-2.355579	2.808298	1.271912	0.933807	1.277138	5.620552	4.214447	3.239844	-0.179030	-2.561971	-2.426118	2.927525	1.270723	1.058541	1.338122
1790	3	5.408161	2.418180	-12.336662	-5.269349	3.304600	6.334311	0.812437	1.870217	3.783441	4.643100	5.408161	2.418180	-1.303029	5.951224	-6.642750	-10.779404	6.189063	-3.016880	3.496213	0.730140	5.408161	2.418180	-5.255844	5.094678	-1.711278	-6.513050	5.975350	-0.391081	3.496675	0.731042
1797	3	3.448475	3.828250	1.727563	4.681636	-2.959169	-3.007997	6.821266	5.018096	3.018358	1.826280	3.448475	3.828250	-6.077983	-5.907433	4.678217	4.434895	2.479374	7.046979	4.760845	4.602706	3.448475	3.828250	0.258764	-2.009338	2.479812	1.004400	3.767608	6.645494	4.688261	4.000090
1805	3	5.134582	-1.180804	-5.705190	-7.685917	5.686941	5.509364	-1.849666	2.864292	3.577932	1.903169	5.134582	-1.180804	2.384974	2.446626	-2.640715	-3.041772	-1.239959	2.290439	0.864473	-0.583973	5.134582	-1.180804	-1.113786	1.987109	1.708386	-0.343490	-1.683541	2.547222	3.249780	1.788232
1807	3	3.812148	2.453535	5.511714	-2.134894	-3.456708	-2.727817	6.559421	4.996162	4.351163	3.504390	3.812148	2.453534	-3.263281	-7.778312	0.240015	1.961439	6.489375	5.402154	4.384918	4.792115	3.812148	2.453534	5.491286	2.708593	-8.368849	-6.359497	6.551272	5.136518	4.273182	2.885888
1831	3	4.012086	1.847935	-4.696517	-3.095718	5.235754	2.290582	-0.974467	6.625311	2.310155	4.016606	4.012085	1.847934	2.540480	3.763023	-3.153370	-5.680580	5.621181	3.795772	2.271498	2.755751	4.012085	1.847934	-0.351406	-0.891586	4.670556	-1.052308	-0.985093	6.629636	2.280477	2.980888
1868	3	3.669225	3.388567	-5.732537	-3.138189	3.996142	-2.202509	-0.428546	4.921430	3.069325	3.960719	3.669225	3.388567	0.726060	0.899685	-4.314659	-12.957766	4.026978	0.968896	3.028561	3.048990	3.669225	3.388567	-4.408222	0.912864	-0.747217	-8.652861	-0.307494	1.779155	3.034632	3.161031
1900	3	4.647136	2.194360	0.712134	1.348029	-5.356837	-4.452888	9.217527	2.803807	2.784925	1.103254	4.647136	2.194360	-0.867933	-5.132682	0.584608	2.307683	8.721428	3.627125	2.812449	4.254492	4.647136	2.194360	-0.687882	-2.472952	-2.300305	2.142648	9.146972	2.797028	2.812449	4.246630
1933	3	5.456253	2.830084	2.308547	2.458215	-2.880418	-12.019862	7.141784	-3.538084	2.366681	1.334982	5.456253	2.830084	-3.793047	-3.875663	6.442822	0.918906	3.320087	1.010711	2.425731	2.874064	5.456253	2.830084	2.077944	-2.076268	1.465716	-8.982301	4.501205	0.981611	2.366681	1.334982
1986	3	2.257945	3.028357	5.710824	3.035024	-5.035903	-13.600898	4.730635	1.382851	2.486553	1.168923	2.257945	3.028357	-0.734681	-2.637689	4.761466	-1.927465	-1.533912	7.368347	2.870158	3.930386	2.257945	3.028357	-7.091640	-8.934920	4.868244	3.602328	-1.489966	7.365442	2.908396	4.477953
2054	3	2.375589	0.854861	5.831200	7.858392	-2.570982	-10.017252	6.452034	-0.144109	3.177412	3.036442	2.375589	0.854861	-4.533080	-2.863525	7.883087	6.948974	1.486287	2.383729	3.656868	4.315342	2.375589	0.854861	-0.357119	6.583854	2.093803	-5.566542	3.738322	2.339993	3.289110	3.203695
2057	3	5.017010	3.941483	-4.861181	2.346497	-0.331002	-0.929044	1.510292	6.401576	1.751583	3.304224	5.017010	3.941483	-5.278388	-2.844898	6.011843	-0.744622	-4.035158	7.316458	2.272475	3.525246	5.017010	3.941483	-11.141762	-7.215185	5.709980	4.347068	-2.455008	6.404540	2.962597	3.928073
2106	3	5.669059	3.669389	-5.345793	-7.544077	4.634332	4.055998	1.400563	3.937557	3.806299	4.072019	5.669059	3.669389	0.763393	-2.501072	4.084861	0.301240	1.393004	3.944510	3.681078	2.843072	5.669059	3.669389	3.581450	2.530217	-2.081438	-14.874048	6.560931	-1.799159	2.911247	0.815340
2140	3	4.773041	4.079852	4.588441	0.208292	-0.856369	-10.440309	8.906273	-2.209452	3.766412	2.017756	4.773041	4.079852	-4.178643	-9.765448	3.461975	5.931724	2.843269	3.566903	3.840433	4.284471	4.773041	4.079852	1.669443	-4.293359	1.388049	-4.426138	8.644705	0.942043	3.769567	2.031280
2148	3	4.770055	4.200438	-7.488569	-2.466268	5.491589	0.587751	5.138441	5.546406	5.350809	3.645306	4.770055	4.200438	0.732721	3.197525	-4.971239	-14.709977	7.718032	1.505583	3.146038	2.003237	4.770055	4.200438	-4.523494	2.263850	1.534687	-4.635914	6.748788	5.912761	3.146046	2.003243
2162	3	5.701312	4.213919	-10.046025	-2.009293	6.433647	4.085287	-0.203204	1.990585	4.466452	2.491251	5.701312	4.213919	-5.763544	2.776810	2.386726	-1.894808	2.048545	1.992386	4.441623	2.438436	5.701312	4.213919	0.535893	3.485209	-3.176690	-4.254341	2.988258	-2.584583	3.354494	1.492045
2226	3	4.501499	3.363730	-8.566323	-2.013072	0.568463	7.709604	-0.016489	3.918847	1.931037	3.602762	4.501499	3.363730	-5.049793	-0.336178	-1.587483	1.096572	3.791379	0.972119	1.847373	2.442984	4.501499	3.363730	-4.722407	-0.395508	-1.902479	0.886337	3.787635	0.469100	1.064052	1.590498
2308	3	5.064275	0.969371	-6.891511	0.571763	5.035743	-2.140814	0.445209	5.749853	3.877587	2.398959	5.064275	0.969371	4.286285	4.370930	-2.437217	-11.288331	5.568285	-0.255732	3.812187	-2.441876	5.064275	0.969371	-7.453751	-4.685412	6.455616	4.004629	0.475143	5.691839	3.978686	3.648206
2329	3	5.951019	3.471725	6.349892	-3.609335	0.622351	-1.818746	3.085929	-3.131476	3.697860	1.556855	5.951019	3.471725	-6.161433	-8.714431	3.523045	5.063254	-3.304543	-2.094242	3.699811	4.358793	5.951019	3.471725	-0.104720	-6.070781	4.088728	0.427319	-3.345074	-2.014451	3.699806	4.084062
2392	3	3.158085	0.761465	-2.740195	-2.251610	4.899862	-0.517571	-5.427987	1.433054	0.177896	0.400163	3.158085	0.761465	2.769124	3.192335	-0.879231	-8.301253	0.715167	-1.444725	0.151768	-0.202735	3.158085	0.761465	0.412657	-1.911500	2.207949	-2.035150	-2.460886	1.449750	0.152051	-0.190030
2441	3	3.751878	3.599858	7.680474	3.713270	-6.111128	-6.945442	8.484635	-0.184148	4.186309	2.384482	3.751878	3.599858	2.787255	-2.944359	-1.211591	1.336674	8.417366	1.435802	4.250957	2.795516	3.751878	3.599858	-4.481654	-7.885205	4.211707	10.115607	2.354362	5.321056	4.279192	2.985646
2445	3	5.657854	-0.336177	4.184167	2.658141	-1.035377	-10.498573	5.782623	0.853470	2.659024	0.706325	5.657854	-0.336177	-0.168538	-6.801087	3.996888	5.658118	2.276652	6.104042	2.671607	2.376577	5.657854	-0.336177	3.801962	-4.428174	1.643650	-0.261460	5.104268	5.788874	2.661154	1.946678
2581	3	5.916443	4.042694	-2.348768	-5.262395	1.998367	1.464637	4.034792	4.851657	3.252091	4.499557	5.916443	4.042694	4.287906	1.174515	-6.216092	-13.043747	5.398883	1.053085	2.752379	-0.448411	5.916443	4.042694	-1.229584	1.452593	-0.455818	-5.672092	6.146144	4.842106	3.251727	1.416457
2606	3	6.328086	4.234285	2.070290	4.669253	-3.164420	-4.950372	7.424370	0.894906	4.532446	0.504114	6.328086	4.234285	-2.894939	2.961414	1.533475	0.817374	6.971965	2.637210	5.080656	2.378563	6.328086	4.234285	-8.060042	-3.778010	5.306243	2.842040	0.933239	2.809795	5.206579	4.374711
2607	3	5.109111	3.809154	-2.281984	-1.334743	5.874861	-1.599208	-3.719987	1.311428	2.404117	1.959263	5.109111	3.809154	-5.775159	-5.649888	6.157390	2.863837	-3.631431	1.306760	2.487556	2.636959	5.109111	3.809154	3.561636	4.158705	-3.176495	-9.523612	2.574213	-0.680936	2.322312	-0.417311
2616	3	4.949026	3.417921	-2.613314	-4.377985	6.793903	8.593721	1.761935	6.744607	3.410825	1.427489	4.949026	3.417921	2.826144	-4.250142	0.569120	-0.474357	6.712671	6.745893	2.911965	0.054384	4.949026	3.417921	3.704195	0.800112	-0.360544	-4.554973	7.522748	5.031533	2.900847	0.024860
2693	3	4.254328	3.709762	-8.867951	-6.010140	5.528416	5.181529	-2.615788	7.094740	3.113921	3.739063	4.254328	3.709762	-1.047328	1.593578	-4.056248	-9.308688	2.120305	0.601595	0.907241	-1.038953	4.254328	3.709762	-5.247528	-1.162446	4.685461	-0.163734	-2.857232	7.089853	2.979294	3.652793
2728	3	0.280325	3.527928	-1.621718	-7.802694	7.425296	3.563403	1.941902	3.452093	3.840055	4.840219	0.280325	3.527928	6.136329	1.831997	-1.707315	-10.273768	6.865588	1.940320	3.484001	1.659556	0.280325	3.527928	0.507053	-5.027590	5.329123	1.521614	3.043469	3.449645	3.818711	3.883764
2811	3	5.081180	2.139147	-3.069034	-7.536398	4.119641	5.688459	-0.925814	8.088489	2.983511	4.595666	5.081180	2.139147	3.510103	2.295463	-4.115743	-11.229858	5.415683	2.078491	2.854261	2.392940	5.081180	2.139147	2.079045	-2.483793	2.325305	-0.241331	2.611729	7.776218	2.889922	2.825838
2875	3	3.011861	2.907326	-2.756730	4.169806	0.934159	-3.222713	5.678900	2.591570	3.338596	3.732849	3.011861	2.907326	-8.946881	-1.755345	5.728797	2.631499	3.830704	5.317120	3.420690	5.433709	3.011861	2.907326	2.186265	4.865373	-3.386912	-11.695885	5.894487	0.607981	2.724395	2.908690
2897	3	3.922325	4.986890	-7.744422	-9.020412	5.645880	2.042619	6.832353	3.695836	4.808875	3.007377	3.922325	4.986890	1.481756	2.797097	-4.901681	-13.464977	9.332832	-1.794618	4.415154	1.029782	3.922325	4.986890	1.019899	-5.722465	0.981723	-2.080686	9.219103	3.824825	4.602244	2.094296
2993	3	5.032943	4.454275	-5.929432	-7.903694	2.775976	9.213800	2.123401	5.168503	3.157365	3.185297	5.032943	4.454275	1.544009	4.262520	-8.670025	-1.939347	3.622177	3.776383	2.620145	2.666338	5.032943	4.454275	-1.295510	1.980072	-6.426756	2.126622	4.597368	3.524628	3.155716	3.182973
3073	3	3.417810	3.306074	-1.530128	-8.326333	4.652853	8.022443	3.317221	4.865214	4.608791	4.434120	3.417810	3.306074	-0.489655	-1.817444	-3.563546	6.344785	7.311875	4.398394	4.608791	4.434120	3.417810	3.306074	3.071790	2.839135	-3.125843	-2.035267	7.307525	4.667266	4.600374	1.546976
3076	3	5.267239	2.078893	-5.086578	-1.150952	7.641943	-1.443319	-1.992474	-0.174069	4.024007	2.575456	5.267239	2.078893	-10.245291	-6.175659	5.406637	1.872706	-1.890034	-0.344441	4.685277	4.212226	5.267239	2.078893	1.136297	5.053516	-3.128867	-10.933366	3.909090	-4.751754	3.663367	2.241656
3105	3	5.437827	-0.043567	5.390342	6.946069	-2.640196	-8.602665	3.386920	0.702144	3.157005	0.884048	5.437827	-0.043567	-5.467859	-3.484711	5.251079	8.081811	-1.260179	6.698781	3.813085	4.211506	5.437827	-0.043567	-1.660828	-3.475333	5.307663	2.160115	-1.260190	6.698784	3.813085	4.140752
3106	3	4.992261	3.839887	1.739749	3.761776	-5.240514	-2.895914	4.738954	1.479554	1.642484	3.254104	4.992261	3.839887	-4.774624	-7.116674	3.105303	9.612582	0.032596	7.357928	3.310584	5.110777	4.992261	3.839887	-0.443237	-5.112822	0.108277	5.831401	6.276041	5.892478	3.310209	5.098146
3140	3	5.189099	3.346096	-2.864743	6.749494	-1.119548	-0.029483	4.200928	-1.464771	2.781343	4.067437	5.189099	3.346096	-4.115604	-2.893042	4.912971	5.964007	0.839655	0.710428	2.781344	4.067440	5.189099	3.346096	0.478947	6.184748	-2.558852	-4.449417	3.098980	-4.068192	1.741391	0.917291
3208	3	5.398513	6.168265	-4.921754	-2.130546	2.743956	1.755824	5.966185	0.601185	4.806489	4.220690	5.398513	6.168265	0.191897	5.099701	-1.417960	-8.346911	7.682817	-4.953767	4.806435	3.876321	5.398513	6.168265	-1.472911	4.781156	0.809635	-3.783961	7.059877	-3.950707	4.806435	3.876321
3229	3	5.794183	2.782251	0.859065	-2.335533	3.329388	-1.005201	0.215164	2.317689	4.660982	3.258008	5.794183	2.782251	-5.661850	-7.792757	4.194786	4.230079	-0.024101	2.320449	4.662331	4.269572	5.794183	2.782251	3.774980	3.864112	-3.114123	-12.977600	5.524463	-3.967253	4.657311	2.798664
3260	3	4.208035	4.017491	3.422881	0.931075	-5.533274	-5.315577	0.248828	1.283666	2.828926	0.790435	4.208035	4.017491	-1.861660	-5.170320	5.284609	0.466326	0.799292	4.578765	4.530092	3.727248	4.208035	4.017491	-5.929936	-4.120562	4.344236	3.979916	1.224323	4.482277	4.612239	4.070716
3285	3	5.772605	2.206263	-1.909675	-5.437948	3.915569	8.378737	3.133770	7.464296	3.252762	3.078133	5.772605	2.206263	1.693152	3.874384	-3.542060	-5.873945	2.771839	1.682795	-0.058869	-0.644568	5.772605	2.206263	1.117248	-3.075935	-0.534555	2.043724	5.136121	4.190520	3.135006	2.913753
3295	3	5.509115	2.189104	3.202189	2.674490	-4.393652	-6.402898	-1.021463	-1.030054	-2.021557	0.761037	5.509115	2.189104	3.008007	-2.438262	0.762966	0.102764	-1.525014	2.652875	-0.003398	2.558820	5.509115	2.189104	-0.158274	-2.625634	3.882405	0.950375	-5.399138	3.699326	1.956694	3.256871
3372	3	5.392767	2.591343	3.312589	3.788125	-2.289200	-1.635405	3.830337	4.452712	3.087098	-1.124370	5.392767	2.591343	-9.144727	-8.536258	4.131487	5.525954	-1.496241	6.918417	3.088803	2.875137	5.392767	2.591343	2.892587	-1.493011	0.172325	0.499660	3.794035	6.052161	3.087373	2.344449
3438	3	4.407352	3.996568	2.156260	2.000335	-2.628533	-4.365263	-0.666927	1.565400	-0.236913	0.052902	4.407352	3.996568	-9.498129	-7.295477	2.981327	3.981605	1.541352	6.289960	3.506356	4.686654	4.407352	3.996568	-4.154522	-1.214415	3.037399	0.844492	1.295128	6.390780	3.285128	4.274987
3454	3	4.024640	1.644674	-4.190356	2.420019	1.193230	4.233864	3.454734	4.877708	3.932819	2.372836	4.024640	1.644674	-5.970522	-1.421558	6.701048	8.660839	3.454720	6.010618	3.932909	2.372961	4.024640	1.644674	2.843638	7.439542	-3.872767	-4.562921	4.537758	1.720875	1.976669	-1.323937
3598	3	5.839990	2.554768	-3.261346	-4.163882	5.984172	4.987154	-2.618753	3.683026	5.110431	4.250754	5.839990	2.554768	7.987753	5.428425	-5.400986	-5.470090	2.874942	-1.739774	4.164093	0.150106	5.839990	2.554768	8.063703	-0.549712	0.248695	-0.516598	1.205614	1.325460	4.838840	2.257644
3656	3	3.431152	2.954625	-4.248353	5.736832	0.659145	-7.942629	2.157528	-0.628802	2.895454	0.850628	3.431152	2.954625	0.808759	6.997234	-4.330694	-11.916332	5.087417	-3.665174	2.895022	0.530650	3.431152	2.954625	-11.979222	-5.231742	6.032769	1.091671	2.128165	2.589464	2.895666	2.765089
3683	3	5.155952	3.751403	4.925921	5.964417	-5.992956	-8.296966	3.080950	3.619270	2.886736	-2.811992	5.155952	3.751403	-3.549318	-5.589482	5.106562	6.937243	-2.980635	9.144578	3.084692	3.308816	5.155952	3.751403	-2.230508	0.185686	4.125368	0.425933	-3.154759	9.163518	3.031817	3.185398
3693	3	5.031676	4.725722	1.967042	4.545899	-2.955759	-8.708388	7.982176	-1.711107	4.304090	1.126494	5.031676	4.725722	-4.099309	1.232274	1.531790	-3.114972	4.923679	4.429158	4.394298	4.564377	5.031676	4.725722	-5.031681	-7.426106	5.259829	4.355005	2.373925	4.437764	4.394498	4.753972
3811	3	4.517887	2.600769	2.118449	-1.825630	1.514838	0.713022	-0.726537	1.201203	3.480154	2.917382	4.517887	2.600769	-0.112812	-5.459598	4.877244	1.020102	-2.603876	1.985532	3.646769	3.732351	4.517887	2.600769	4.545595	2.045553	-3.011388	-3.482905	2.058497	-1.651220	3.234599	1.946408
3855	3	7.746848	2.781339	-6.952863	-0.381596	1.432605	8.529293	-1.062290	5.292740	3.295614	4.061341	7.746848	2.781339	-6.954482	-4.833278	7.108070	10.177022	-1.977578	5.313752	3.295614	4.061341	7.746848	2.781339	5.467159	6.446654	-1.797933	-2.238679	3.178698	-0.280503	3.119248	3.624174
3861	3	5.085311	4.045711	3.752024	-4.954386	-0.183439	-3.393220	4.453289	-2.232799	5.255894	2.277857	5.085311	4.045711	-6.418976	-10.994856	2.966606	4.467316	3.158930	3.188823	5.452157	3.062233	5.085311	4.045711	4.213392	0.762836	-3.826512	-6.412983	4.735508	-2.448803	5.254754	2.273944
3914	3	5.179214	1.883407	5.370909	6.000669	-4.630295	-7.886868	1.157976	1.152563	2.150426	1.352235	5.179214	1.883407	-6.355456	-4.315051	7.114619	8.870321	0.206872	5.927836	4.254485	3.737840	5.179214	1.883407	-1.285661	4.590482	1.684236	0.481751	0.901524	6.243847	2.313311	1.394152
3950	3	4.614437	3.970544	1.790582	2.561382	-3.539132	-5.219837	1.665867	0.357242	2.343601	-0.215395	4.614437	3.970544	-6.818143	-8.600300	8.371147	9.468345	0.992184	4.365985	3.965708	3.512509	4.614437	3.970544	1.787178	2.478930	-3.539064	-5.054382	1.199751	0.368550	2.219809	-0.257460
4164	3	5.406211	3.450062	2.047389	1.398756	-0.358870	-4.822819	6.119574	5.337253	2.066760	2.077170	5.406211	3.450062	1.530665	-0.739357	1.691627	-0.014736	6.930886	6.145644	3.649268	3.047963	5.406211	3.450062	-5.366561	-5.657044	6.943420	8.538306	1.801662	6.208300	3.908976	3.619847
4169	3	4.808249	0.104426	-5.660835	-5.541038	5.387816	6.074331	-3.910822	0.391881	4.397108	3.183037	4.808249	0.104426	5.151967	6.411752	-1.606005	-4.876323	1.387863	1.236390	1.657727	-1.787503	4.808249	0.104426	1.049827	-0.832083	3.624593	-0.082990	-3.758464	0.332789	4.396489	1.493402
4184	3	5.067502	4.840597	-8.926275	-11.917304	4.304489	9.421763	-0.829350	4.907388	2.151478	2.533187	5.067502	4.840597	1.727544	-1.356695	-4.350833	0.294914	5.407480	1.130599	2.095727	2.397986	5.067502	4.840597	1.742013	-1.318980	-3.381715	-0.174748	5.242860	1.607970	1.806064	1.835236
4190	3	5.288525	2.220811	-1.936247	-8.505895	5.014495	8.746386	0.668560	8.202338	3.751568	4.053726	5.288525	2.220811	6.368226	1.046596	-4.536549	-0.217770	5.421562	4.718430	3.678513	3.957474	5.288525	2.220811	2.740078	-4.248772	0.614171	2.206876	5.442044	8.125859	3.751565	4.053721
4228	3	1.974056	1.485105	-6.143477	-6.841058	5.858501	9.651858	4.242285	4.867271	3.109177	2.925756	1.974056	1.485105	4.878746	3.902548	-4.125177	-3.785057	6.174407	-1.289033	3.080427	2.304089	1.974056	1.485105	-0.213490	2.480079	0.391522	1.340724	5.271323	0.946253	3.107917	2.860131
4243	3	3.095305	-1.140107	-7.008105	-7.838693	6.490665	9.552408	-0.532149	5.202545	2.800659	3.255856	3.095305	-1.140107	2.768611	-2.204204	0.678308	-3.153727	4.820800	3.203290	2.792629	2.320482	3.095305	-1.140107	3.051941	2.407187	-1.661433	-11.786452	5.180049	0.082841	2.622927	1.544232
4261	3	1.422269	0.487242	-2.927788	2.618933	0.763895	2.548058	0.415554	3.722161	2.844246	-0.006876	1.422269	0.487242	7.472363	6.764825	-4.796572	-8.516687	3.047234	-0.826017	2.799219	-5.542875	1.422269	0.487242	-3.189597	-2.867545	7.214461	7.996253	-2.036030	5.467540	2.863340	0.085222
4285	3	4.420710	3.285602	-3.585851	1.991695	1.875086	-5.774064	6.944732	3.849601	4.528522	4.399533	4.420710	3.285602	-10.284250	-4.385971	6.172263	3.937022	3.845980	3.850636	4.533615	4.681639	4.420710	3.285602	0.854678	5.198754	-2.109138	-10.104497	8.135832	1.445946	4.528521	4.399498
4383	3	4.907437	2.550307	2.784594	-0.371390	0.186130	-2.247573	0.758760	3.538224	1.630073	2.109580	4.907437	2.550307	3.046321	5.821112	-4.250705	-10.139544	1.126140	-0.113902	1.630070	2.109563	4.907437	2.550307	-5.310970	-6.656782	4.277402	4.045435	-0.869895	6.433974	2.129936	5.587140
4448	3	5.035850	4.809080	1.450554	-3.306715	2.360235	-5.225965	5.031474	3.172365	4.826636	3.326913	5.035850	4.809080	3.460630	1.893066	-4.314002	-18.507840	6.732049	-3.315202	4.826636	3.326912	5.035850	4.809080	-3.878764	-9.213745	4.383273	4.523183	1.984592	3.132906	4.866195	4.196027
4537	3	5.825923	3.996751	4.551320	-2.657281	1.598979	-0.586400	5.488743	5.121038	3.985485	1.496276	5.825923	3.996751	-5.035553	-6.533013	7.432374	9.658808	2.779090	5.820730	4.374278	2.241301	5.825923	3.996751	3.307777	4.585101	-4.021845	-6.632349	6.150577	1.898459	3.414148	0.600587
4577	3	4.705915	4.282894	3.068432	2.836860	-3.560816	-18.395556	7.382484	-6.324358	3.495245	2.834808	4.705915	4.282894	-2.689787	-3.730656	4.271514	-8.889749	5.755163	-0.169390	3.495245	2.834808	4.705915	4.282894	-2.641562	2.753043	0.821617	-14.743269	5.866394	-0.314829	3.495245	2.834808
4622	3	5.747531	3.970457	1.420411	-1.843660	0.193140	0.573188	0.556255	2.968801	2.764951	0.700274	5.747531	3.970457	1.750318	0.965948	-3.368038	-3.599251	1.017416	-1.152374	2.729318	0.149948	5.747531	3.970457	-0.515583	-5.536015	4.757142	1.044737	-1.291552	2.923555	3.098798	2.141450
4653	3	4.654011	2.363404	-9.505550	-4.207399	6.137974	4.574894	-3.186444	6.904589	1.467981	4.482272	4.654011	2.363404	-0.486365	2.393733	-2.837245	-0.952062	2.384751	0.585383	1.088099	0.095181	4.654011	2.363404	-4.184510	1.668417	0.748688	1.639505	-2.623846	3.221729	1.467981	4.167662
4694	3	6.229804	4.079291	-10.960970	-8.635591	4.733349	5.060027	0.681579	2.758064	3.665029	3.202971	6.229804	4.079291	-0.576566	2.482586	-3.073960	-1.487884	4.234912	2.555463	3.017079	2.227594	6.229804	4.079291	-2.961265	2.425424	-0.541731	-0.982932	4.074781	2.906764	3.196724	2.644222
4714	3	4.400236	-1.410402	3.864686	3.533613	-4.208538	-12.195456	5.525475	3.298982	2.008827	1.822190	4.400236	-1.410402	0.631863	-2.375826	5.101669	-2.606883	3.063916	8.840856	2.753323	2.305726	4.400236	-1.410402	-2.741266	-6.729686	6.468576	6.260174	2.542153	8.076173	3.814235	2.898321
4721	3	1.167630	0.410437	-4.269006	-4.978920	6.625691	5.889250	-3.999496	5.122851	2.148043	2.682918	1.167630	0.410437	-0.400361	4.416220	-2.894400	0.641728	-0.397039	-0.810406	1.169504	1.898586	1.167630	0.410437	2.251267	4.412878	-4.592740	-4.387856	-0.451007	-1.036857	0.929354	1.691112
4760	3	4.045490	4.312996	-0.245881	4.325936	0.655647	-9.993970	6.162433	4.759771	3.547458	2.638068	4.045490	4.312996	3.911207	4.603899	-1.330122	-16.093242	6.349493	1.205236	3.547183	2.633565	4.045490	4.312996	-4.416114	-6.061013	4.777894	5.121716	1.019997	4.820612	3.576423	4.033033
4768	3	4.803464	2.811142	-6.359670	-2.162581	6.934674	5.410409	0.231754	3.994600	4.195561	3.358098	4.803464	2.811142	1.771325	2.256329	-1.370785	-6.977173	-0.796083	1.295756	1.783466	0.688532	4.803464	2.811142	-0.926717	5.596966	3.037426	-0.183110	2.730067	4.114194	3.783137	3.138074
4802	3	3.552515	2.451899	-4.643182	-6.732445	6.730936	3.538443	-2.851701	-4.095257	3.103860	2.275132	3.552515	2.451899	0.796386	3.239802	-2.887038	-5.281903	2.267268	-8.602891	2.383326	0.699129	3.552515	2.451899	-2.980174	-1.409328	6.911579	-0.196321	-3.203197	-3.875574	2.815669	1.302266
4823	3	5.702931	3.423849	5.869423	1.924534	-2.851370	-1.583041	3.199683	2.080324	0.934031	2.182243	5.702931	3.423849	-2.583031	-5.281733	2.994251	5.015800	3.841026	5.354469	2.443325	4.908009	5.702931	3.423849	0.654018	-0.464562	1.489192	-0.479975	4.019836	4.781253	2.231833	4.154552
4859	3	5.286512	4.364890	4.034094	0.892503	-1.840266	-4.793337	5.616476	1.478521	4.216779	1.865811	5.286512	4.364890	1.584829	-4.218038	3.293194	0.427003	3.213321	4.031740	4.221580	2.641824	5.286512	4.364890	-3.139714	-9.499642	4.956446	3.777579	1.927379	4.033340	4.222769	4.787944
4874	3	3.197790	2.079656	4.657456	-0.241902	-1.016991	-3.860801	0.568396	2.516807	1.341310	-0.162799	3.197790	2.079656	4.672977	-1.415206	0.221001	-1.164230	0.565686	4.369430	1.348325	-0.111260	3.197790	2.079656	-5.435650	-6.090811	5.466366	4.150592	-2.232474	5.970308	2.201067	0.932461
4915	3	0.913721	1.696358	5.518165	-2.645233	1.996026	-3.172402	4.153013	2.700955	4.910127	3.938850	0.913721	1.696358	-3.162117	-8.733731	4.590542	5.609349	2.147033	2.744798	4.933660	4.331855	0.913721	1.696358	6.130204	3.605005	-2.514940	-8.934737	2.219577	-2.764901	2.943440	2.019113
4931	3	6.082779	4.513657	4.986569	1.144157	-2.962826	-10.539672	4.665749	0.630483	3.233607	1.017239	6.082779	4.513657	-7.669011	-6.709064	5.635816	7.510566	-1.853962	5.082881	4.084823	2.605216	6.082779	4.513657	-3.210780	2.220931	0.944096	0.337136	2.755713	5.083210	4.082871	2.601740
4977	3	8.391400	3.842685	-6.170269	-2.598089	-1.786745	3.975166	3.895679	-0.424986	0.923800	3.583020	8.391400	3.842685	-8.658149	-7.072492	3.516926	4.748470	1.807285	1.975899	0.964790	3.592034	8.391400	3.842685	-4.825381	1.896853	-0.882530	1.100245	3.675923	2.805600	-0.540434	3.196326
5016	3	4.573248	0.592327	-5.743880	-3.016524	6.078236	3.714019	4.406427	4.832019	4.075978	4.758894	4.573248	0.592327	3.995135	5.666914	-1.451841	-6.748916	7.296384	2.735237	3.087857	1.085392	4.573248	0.592327	-0.127513	4.362303	1.436426	-2.350217	7.199223	5.606590	3.570630	1.423686
5048	3	3.637022	0.804403	1.110829	-0.998469	-3.983174	2.158266	5.912825	5.663182	4.619633	3.089019	3.637022	0.804403	-5.437557	-7.335741	4.262232	10.101160	-0.208549	6.272475	4.621292	3.094290	3.637022	0.804403	3.730481	2.057439	-6.087735	-3.672290	4.910991	6.434157	2.751785	-0.471567
5079	3	4.624414	-2.645487	-5.799066	4.286808	0.777469	-0.515643	0.655255	2.252859	1.630549	2.855257	4.624414	-2.645487	2.296578	5.129236	-5.661822	-5.021739	1.429486	1.660312	1.158723	0.554300	4.624414	-2.645487	-8.359133	-2.579433	6.189369	5.097090	-1.759929	6.340265	2.288108	3.144117
5205	3	2.306550	0.172870	-5.962384	-6.554588	4.790405	6.866767	0.752245	3.895486	4.311974	4.718800	2.306550	0.172870	-0.701930	-0.341275	4.523466	-0.212120	0.936808	3.907964	4.305065	4.652215	2.306550	0.172870	5.754374	6.190977	-2.978745	-12.181603	5.908024	-1.611108	4.302283	4.626572
5260	3	3.912965	2.529098	-14.296194	-9.288236	6.394854	1.300341	-1.371052	2.704597	2.133849	3.270832	3.912965	2.529098	-3.440208	-4.008657	-0.038327	-0.309972	0.923558	-1.615277	1.742005	1.088221	3.912965	2.529098	-2.717475	1.010868	-3.718871	-2.603144	-0.490189	-1.470447	1.120654	-1.335582
5281	3	3.994099	2.058703	-0.672452	2.287701	3.695638	0.486679	1.592508	4.871539	2.918140	3.537539	3.994099	2.058703	4.360251	4.102348	-2.547848	-8.208962	5.492449	0.918236	2.583067	0.576441	3.994099	2.058703	-6.837971	-3.527613	7.520937	9.054923	1.254216	4.730136	3.222710	4.620774
5290	3	5.888435	3.076162	-2.989309	-2.968688	3.067526	0.573352	2.827615	3.818710	5.529232	5.042631	5.888435	3.076162	0.100022	2.134255	0.633864	-4.257163	4.207070	5.095843	2.499064	1.825845	5.888435	3.076162	5.184570	2.216456	-4.101072	-8.409725	4.606874	0.511871	2.475352	1.688427
5298	3	4.729409	5.476557	-9.883086	-7.292925	6.291656	8.561606	-3.224078	7.411872	2.115523	3.455297	4.729409	5.476557	0.807749	0.625135	-1.346519	0.745443	1.970944	2.362544	1.503443	3.073367	4.729409	5.476557	0.814973	0.663881	-1.387249	0.407163	2.048428	2.337849	1.530295	2.895776
5317	3	3.932887	2.734990	-2.137833	-7.606772	6.292183	5.500612	3.278146	6.113640	4.028968	4.665553	3.932887	2.734990	5.880198	-1.807218	0.985961	0.262595	8.316598	4.465501	3.638899	3.656465	3.932887	2.734990	5.932864	4.485182	-1.842173	-9.638758	8.206982	0.885945	2.661749	1.086203
5382	3	3.243528	0.635988	-7.830805	-6.240712	2.406788	5.645046	-0.154145	5.940768	2.144033	4.530906	3.243528	0.635988	0.764775	3.169242	-3.276695	-1.694581	1.866835	3.371428	1.678172	2.257903	3.243528	0.635988	-1.859058	2.618771	-2.484913	0.742425	1.900122	3.281452	2.027238	3.769210
5392	3	5.994246	3.123585	-5.173645	4.683034	-1.287164	0.608673	-0.144008	-0.057201	1.732676	2.700962	5.994246	3.123585	1.730956	4.448667	-5.835852	-3.155107	-0.159792	-0.183031	1.154637	1.461590	5.994246	3.123585	-9.431828	-0.434935	4.696048	0.989397	-5.406626	5.993634	2.038250	3.565618
5405	3	3.281847	2.049355	6.746000	0.776411	-6.106332	-3.569676	2.898503	0.732117	2.392531	0.992214	3.281847	2.049355	0.609455	-0.464491	-5.556046	2.031971	3.602294	0.620711	2.784763	3.633224	3.281847	2.049355	-2.949368	-5.261915	1.207167	7.432355	3.538416	5.767068	2.785237	3.637478
5408	3	5.063965	1.291081	3.944512	1.362252	-7.851013	-14.259174	6.715899	0.193948	3.177341	0.213140	5.063965	1.291081	3.761763	-4.400441	-1.354988	-8.475206	6.714101	0.201195	3.177341	0.237364	5.063965	1.291081	-2.424201	-6.431673	2.723083	5.210055	4.486110	4.661646	3.969475	3.651602
5442	3	6.482673	3.128899	-3.146252	2.666294	0.319466	-5.438526	6.975894	-3.054859	4.075356	1.487462	6.482673	3.128899	0.837906	3.630396	-2.246100	-8.901816	7.078202	-5.905836	4.075356	1.487462	6.482673	3.128899	-6.886076	-9.174549	4.888623	3.490717	0.776849	0.099449	4.355596	4.398249
5482	3	3.222442	1.271737	-10.059301	-5.438564	4.776099	4.582754	-0.934491	5.805155	3.404616	4.100688	3.222442	1.271737	-0.754200	3.638635	-0.774661	-6.538650	-3.303075	0.240144	-0.093607	-0.529401	3.222442	1.271737	-10.667161	-0.416444	3.905087	0.360211	-1.051471	6.012452	2.939430	3.570834
5485	3	3.198352	3.369700	1.579713	5.980437	-4.014652	-8.234067	6.005800	2.842310	3.412325	0.361010	3.198352	3.369700	-7.444783	-0.724053	4.773737	5.634778	1.233927	4.610602	5.107254	4.084049	3.198352	3.369700	-6.838093	3.646694	2.079768	0.162493	2.410963	8.630382	3.559045	2.281516
5516	3	4.902656	2.384817	6.398187	4.874316	-1.559784	-10.635819	6.560559	-0.005296	4.029174	0.931515	4.902656	2.384816	-2.728682	-4.032857	4.704351	8.121038	0.422409	4.318110	4.471992	4.053033	4.902656	2.384816	4.677629	-2.571787	1.729917	0.662023	2.525801	4.263570	4.471984	4.052395
5556	3	7.345189	3.289253	-4.913790	-4.329083	1.422524	3.891792	0.537621	5.848295	2.286625	4.454095	7.345189	3.289253	1.395338	1.789951	-7.906280	-7.341057	3.315052	-0.571851	2.242723	3.579072	7.345189	3.289253	-1.541083	0.764164	-0.661780	1.149325	1.286182	5.483886	2.274097	3.969614
5596	3	4.597097	4.602577	-11.529088	-3.221019	5.096503	10.058210	1.991617	4.342269	4.834671	3.394273	4.597097	4.602577	-9.775299	0.994921	1.391610	0.162041	4.240407	2.612387	3.908522	0.881200	4.597097	4.602577	-0.796173	7.051468	-2.675968	-7.886268	4.943877	0.798067	3.176144	-1.718430
5641	3	5.909766	3.838257	-0.112082	2.251603	-1.673970	-3.582525	6.721607	3.417718	1.917102	1.597181	5.909766	3.838257	-6.005244	-6.193291	5.458117	8.340696	2.152287	6.694845	2.559878	3.111632	5.909766	3.838257	-2.808614	2.755805	-0.637069	-0.725693	7.432036	4.490972	2.269799	2.369235
5712	3	2.267919	2.167613	-0.632276	0.602912	-1.797357	4.090275	4.257005	-0.562203	3.986525	4.665484	2.267919	2.167614	-3.965908	-4.855728	2.343214	8.486308	2.263155	4.924542	3.986535	4.680655	2.267919	2.167612	3.876731	5.759088	-3.027396	0.234226	4.255409	-0.558586	3.979246	3.408468
5753	3	6.295093	5.119700	2.338806	-2.284461	-0.198236	-1.787002	2.768329	1.391586	4.322402	2.481086	6.295093	5.119700	-7.612736	-6.915080	5.408852	7.607289	0.823155	3.290166	4.331522	3.307022	6.295093	5.119700	2.339930	1.107477	-2.498266	-9.621407	3.600042	-0.955511	2.955061	-1.170378
5755	3	5.606178	4.754781	1.792010	-3.460524	2.830683	-4.593093	-1.545944	1.947108	3.990997	3.735084	5.606178	4.754781	4.228648	0.504918	-1.901613	-13.523543	2.606773	-3.558090	3.990997	3.735065	5.606178	4.754781	-1.576361	-3.720031	6.759037	-4.312045	-1.546015	1.947203	3.990997	3.735099
5806	3	5.242980	2.947136	1.037396	6.578805	-5.488368	0.210582	-3.351729	4.362911	1.784225	2.300846	5.242980	2.947136	2.807315	7.003081	-5.510219	-2.474199	-3.411900	4.369004	1.510811	0.918511	5.242980	2.947136	-4.952693	-4.477381	5.603200	9.316359	-5.953491	6.725516	1.787060	2.742415
5866	3	1.421552	0.690192	6.764621	4.845381	-2.368256	-6.322076	5.830264	3.408718	3.898718	0.873592	1.421552	0.690192	-4.745201	-2.479585	6.455708	8.484830	1.544011	6.106751	3.907683	2.808757	1.421552	0.690192	0.905050	3.078148	1.118260	0.107878	1.538095	5.501811	3.899369	2.049551
5872	3	5.843409	3.648723	-0.187558	-0.691284	3.599376	-0.729394	4.165989	0.428871	3.813003	1.911899	5.843409	3.648723	-4.982912	-6.721379	9.927751	6.641874	1.810749	0.428227	4.923935	2.716352	5.843409	3.648723	1.757503	3.170361	0.200210	-4.452131	3.443885	0.652469	1.530474	0.018874
5931	3	2.353769	-0.081173	3.378076	0.316446	-0.298702	-5.005469	4.160243	1.130690	-0.348956	1.567294	2.353769	-0.081173	6.348538	-3.557879	1.933062	0.114986	3.140113	6.612866	1.431080	2.077619	2.353769	-0.081173	-2.071758	-6.508373	6.221343	7.272297	-1.159702	6.474522	3.360952	2.825058
5937	3	2.602240	0.662811	-4.032972	-6.991143	6.822254	6.293311	6.670592	4.780434	3.928933	3.870045	2.602240	0.662811	-0.292231	4.310009	1.267573	0.974912	5.137744	4.593671	3.540922	3.399126	2.602240	0.662811	7.342779	5.136763	-2.907258	-8.882882	3.000345	-0.665556	2.827978	1.221905
5978	3	5.195854	3.702119	-9.989096	-4.833325	4.722423	8.691349	0.739063	2.070374	7.083042	4.171755	5.195854	3.702119	0.258709	3.419904	-4.739087	-8.408007	5.813750	-1.082015	5.188902	0.195481	5.195854	3.702119	-5.885431	3.412039	1.082157	-3.539629	5.693886	-0.365411	6.104935	1.674790
6001	3	5.054518	2.435719	2.562204	-5.038640	-1.081194	2.979646	3.303583	0.424475	4.414535	3.930900	5.054518	2.435719	6.451436	0.258958	-5.342980	-2.458361	3.259565	-0.968304	3.994479	3.248118	5.054518	2.435719	-3.792500	-9.632672	3.655938	10.104241	-2.244878	2.765828	4.414987	3.931844
6094	3	3.222064	3.213280	-2.996844	0.023956	4.311282	-0.532477	4.436588	3.934381	2.980617	3.462480	3.222064	3.213280	-3.967170	-1.800983	4.008609	1.652482	4.581307	3.650753	3.292867	3.870414	3.222064	3.213280	-5.331681	-5.608739	7.693954	2.356672	4.425863	3.650306	3.293315	3.871406
6099	3	3.352383	3.443725	5.206416	3.146599	-3.723209	-3.346822	4.582433	-0.884236	3.626314	2.029292	3.352383	3.443725	-6.765404	-6.590718	6.761761	7.841751	0.050550	5.341082	3.683834	4.783227	3.352383	3.443725	5.079377	-3.123178	1.027837	0.518902	4.068428	2.347787	3.683634	4.059276
6141	3	6.320059	4.743396	0.928400	-3.703118	2.376188	-3.762743	3.546527	3.308823	4.148550	1.405996	6.320059	4.743396	-2.085956	-6.115181	4.661973	-1.805147	3.539097	2.844770	4.746289	4.365497	6.320059	4.743396	3.639076	-0.985685	-0.310223	-5.183837	7.430498	2.591532	3.621463	0.134988
6168	3	5.476997	3.622080	5.061666	1.060318	-4.396764	-13.423598	7.791210	-5.327193	4.046186	-0.242653	5.476997	3.622080	-5.686100	-10.891489	5.272919	3.682547	1.929400	0.219371	4.300245	3.143459	5.476997	3.622080	-1.354835	-4.404647	5.411269	-3.757223	1.808595	0.235375	4.192217	1.583942
6201	3	3.260898	1.463027	6.595379	2.361085	-1.677786	-8.769576	5.098884	2.672887	3.954672	0.625043	3.260898	1.463027	-1.974648	-10.364210	6.651052	3.039008	1.549896	5.445684	4.213892	3.295856	3.260898	1.463027	4.464857	-3.281002	3.281339	-0.904478	1.673418	6.061191	4.053237	2.935025
6260	3	5.306774	0.967857	-1.406814	-5.822923	-0.159917	7.251431	0.755513	8.362864	0.242204	2.517425	5.306774	0.967857	3.363503	3.272564	-4.796322	-2.440302	1.839575	2.231909	-0.219684	0.047464	5.306774	0.967857	-5.791844	-6.853659	5.715225	7.537497	-3.372491	8.653747	0.242266	2.517463
6272	3	4.455286	2.354161	6.215826	-0.975920	0.182988	-8.228205	4.200430	0.464454	4.335407	2.158498	4.455286	2.354161	-0.391079	-1.299292	6.205085	-0.129217	-1.424907	0.466545	4.539303	2.270261	4.455286	2.354161	6.269479	3.548921	-4.633405	-9.804442	4.214993	-0.627162	4.335407	2.158498
6318	3	5.438177	4.898929	-5.091837	1.766893	-1.172687	-3.055794	3.608182	-0.493011	3.492274	0.384344	5.438177	4.898929	0.403775	1.949867	-4.052719	-9.462833	3.608186	-0.521196	3.492274	0.380115	5.438177	4.898929	-12.321142	-4.078650	4.382894	9.369519	-2.851399	4.682783	3.492274	1.084753
6326	3	3.934310	2.480023	-0.886735	-0.782852	-1.831247	4.936763	3.209086	-4.697879	3.108171	2.635541	3.934310	2.480023	4.619656	3.071822	-4.896575	-3.587296	-2.737613	-1.731143	-0.019021	-2.954933	3.934310	2.480023	-3.434303	-5.745939	4.101023	6.770772	-3.153407	0.934926	3.108173	2.635547
6327	3	1.724410	1.790555	-4.597171	-3.256877	3.268125	8.587765	-3.817152	6.661661	2.921480	5.249080	1.724410	1.790555	-0.626738	1.090300	-3.277708	5.967002	1.804876	3.123939	2.921460	5.247265	1.724410	1.790555	3.535005	7.142144	-4.986238	0.356863	0.670958	3.429557	2.161692	3.583123
6342	3	5.212931	1.556398	-1.548495	-5.314841	6.321927	9.980946	2.330451	3.227885	4.158985	1.786981	5.212931	1.556398	6.222962	2.441512	-0.376182	-0.204509	3.443528	3.571099	4.024683	0.868408	5.212931	1.556398	4.477723	-0.366945	-0.501543	4.741078	3.728877	3.227459	4.158971	1.786872
6377	3	5.376096	4.615924	-1.680767	1.780849	-1.606634	-2.779526	5.818160	0.970259	3.344289	1.960633	5.376096	4.615924	-4.986891	-1.550914	1.792744	-1.218570	5.087137	5.825198	4.317741	3.282501	5.376096	4.615924	-9.748439	-5.128724	2.668305	3.399784	1.203546	5.827355	4.326834	4.457984
6388	3	4.806771	1.747936	-5.450532	-3.767737	6.902191	7.580020	-2.050229	3.293641	4.118974	4.398483	4.806771	1.747936	5.052450	6.360936	-1.941931	-9.017991	4.337069	0.011603	4.109367	4.307382	4.806771	1.747936	-1.146627	5.109487	1.165291	-0.356048	3.325012	2.404151	4.109417	4.307829
6425	3	4.112320	3.512256	-6.792541	-7.250452	7.027324	8.456394	0.234607	1.968042	3.183078	3.288810	4.112320	3.512256	3.847677	2.217850	-4.316226	-8.730110	4.240647	-3.911998	2.691719	1.313318	4.112320	3.512256	2.862180	-2.304696	1.367053	0.298010	2.594421	2.284809	2.907449	2.004351
6430	3	4.380264	4.453262	6.679606	4.920771	-3.260464	-13.294489	5.519981	-0.874792	4.189162	0.394707	4.380264	4.453262	4.453015	-1.256037	3.014972	-0.632466	3.674661	4.775597	4.189211	0.395083	4.380264	4.453262	-4.040509	-4.055219	7.220100	4.467965	2.127185	4.065282	4.524831	2.389552
6458	3	4.165700	3.004329	1.728482	-3.748327	-2.170908	2.880195	6.217540	6.416370	2.881879	4.082712	4.165700	3.004329	-3.293805	-10.150552	3.163769	6.441351	4.470775	7.252653	2.884616	4.091587	4.165700	3.004329	1.993716	0.443178	-5.932812	0.442635	5.817740	1.949014	2.590409	3.360507
6594	3	4.774263	2.992113	-1.911345	-4.185541	5.588212	4.300242	-2.262625	1.503135	6.356918	4.401466	4.774263	2.992113	5.289676	1.199734	-0.569611	-0.116129	2.814215	-2.487859	6.355078	2.514199	4.774263	2.992113	5.792375	5.065680	-4.271213	-4.288941	2.816331	-2.371713	5.249013	-0.000626
6662	3	6.062596	3.577278	-4.539527	-6.567684	5.122480	3.041674	-3.153244	5.337993	4.351396	4.537163	6.062596	3.577278	4.371472	1.067594	-3.523425	-5.880563	2.303230	2.742276	1.598914	0.508989	6.062596	3.577278	-1.222036	-1.005634	5.493891	1.001567	-3.403933	5.899317	4.108806	3.511748
6684	3	4.920762	2.690955	-8.540195	-4.174535	2.821554	7.488145	1.503732	4.639116	2.967792	4.629966	4.920762	2.690955	2.720023	4.509579	-4.083188	-5.022960	3.707516	-1.004040	2.781212	2.447255	4.920762	2.690955	2.748957	0.865859	-1.046601	-4.982701	3.709952	-0.934519	2.796648	2.475020
6706	3	5.627133	4.435716	1.579231	-5.430344	0.354700	-0.042637	3.016623	-4.036532	4.257675	2.303275	5.627133	4.435716	2.911586	-0.543688	-5.818785	-4.547632	6.840471	-4.206409	3.169184	-0.594028	5.627133	4.435716	-6.294308	-8.509031	3.913876	5.191278	1.980564	-0.712311	4.678650	3.376511
6840	3	5.256836	4.887334	-4.458744	2.861977	0.390828	0.347971	0.057965	2.180728	3.510040	-0.419587	5.256836	4.887334	-8.968822	-4.383338	6.630328	9.777123	1.084938	5.218925	3.866655	2.571541	5.256836	4.887334	-0.020058	7.020641	-1.270396	-4.478569	-0.777652	2.558496	3.303614	-3.142283
6887	3	4.769130	2.281876	3.596152	0.762913	-4.280911	-3.049060	2.209464	4.745958	2.394500	3.664403	4.769130	2.281876	-2.653845	-10.451537	4.518744	7.802577	-2.761835	8.739234	2.664614	4.296884	4.769130	2.281876	2.553256	-1.147276	-4.772328	1.357804	2.818982	4.665309	2.663581	4.288997
6888	3	7.188711	4.696212	1.792778	3.747471	-4.220004	-10.125131	6.267704	-4.023654	4.657031	1.390444	7.188711	4.696212	-4.473187	2.986191	1.410226	-4.256951	5.567678	1.375937	4.839084	2.401891	7.188711	4.696212	-5.076383	-4.361567	3.502897	1.673846	1.611052	1.828045	4.846595	4.295460
6923	3	5.863102	3.311908	-7.409006	-9.228611	3.941263	8.220624	-2.552490	4.459866	0.900700	4.021858	5.863102	3.311908	1.348094	0.456766	-1.409499	-7.934305	2.449013	-1.513652	0.891510	1.952747	5.863102	3.311908	1.132885	-6.755675	0.111285	0.578917	0.061518	1.512880	0.900622	3.307105
6972	3	5.549538	1.752312	3.590331	3.593551	-2.805150	-9.605427	6.426447	-3.762675	3.196216	0.470895	5.549538	1.752312	-4.035143	-7.089210	7.113955	4.275989	0.132990	0.919788	5.520684	2.077341	5.549538	1.752312	2.758294	-1.471862	1.402658	-9.406269	6.003402	2.037615	3.196216	0.470895
6994	3	4.916034	3.089403	1.630917	6.111000	-3.733011	-6.101651	4.342976	1.349867	1.160401	0.470245	4.916034	3.089403	-2.017262	0.850046	1.852212	0.040219	3.058026	6.750926	1.861706	3.377897	4.916034	3.089403	-7.653496	-2.439746	3.797198	4.060976	-0.947587	7.361651	1.930450	4.460499
6995	3	4.435057	2.244989	-9.724921	-4.312150	6.487638	8.653178	-2.280967	7.329970	2.282711	2.402824	4.435057	2.244989	-8.725168	4.968137	0.873644	1.894143	2.193996	4.971499	2.127706	2.245181	4.435057	2.244989	1.770263	5.760483	-1.897031	-2.838642	1.495239	2.438289	0.149720	0.340592
7006	3	5.545819	4.189027	-2.786833	2.100835	-0.595142	2.979314	0.828062	2.914454	3.430213	3.965022	5.545819	4.189027	-3.065298	-1.394655	-0.600662	8.130171	0.828707	2.913540	3.430780	3.966893	5.545819	4.189027	-5.645040	-5.963466	5.026622	9.326189	-4.896064	4.182822	3.430780	3.966893
7014	3	5.883835	3.892429	5.366458	-1.100515	0.251218	-9.558266	3.534632	3.422792	3.577373	1.819576	5.883835	3.892429	-3.899329	-1.032369	4.269136	-1.050509	2.045671	3.228118	3.761014	3.182763	5.883835	3.892429	5.688295	4.832847	-5.464061	-11.322901	6.275184	-2.883657	3.577373	1.819576
7027	3	5.675959	4.182016	0.846956	-2.413335	-4.359662	2.848111	-1.203922	-5.131725	2.815283	3.731294	5.675959	4.182016	-5.125533	-2.544823	-0.275652	5.644812	-1.699670	-1.548190	2.815289	3.743792	5.675959	4.182016	5.851169	3.723701	-9.542951	-4.057039	-1.299086	-5.181442	2.790320	1.449291
7053	3	5.827031	4.003080	-2.500148	3.014426	-0.777912	-0.661661	2.068354	2.889194	0.339553	1.307663	5.827031	4.003080	-2.579901	2.987065	-0.779994	-0.315957	2.064094	3.102321	0.329631	1.442578	5.827031	4.003080	-8.021399	-2.912133	4.658968	0.597836	-0.232302	1.625229	3.100556	2.545943
7055	3	5.631745	2.360117	-0.324478	-6.898534	5.940849	4.193952	1.334986	4.223504	5.764387	4.494370	5.631745	2.360117	7.635864	-0.658879	-0.172702	-6.958389	5.219222	2.307421	4.312957	2.000297	5.631745	2.360117	7.736421	4.385586	-3.554359	-15.622364	6.503160	-2.196033	4.312957	2.000297
7073	3	4.831280	4.334407	-5.093349	-2.217521	1.691139	-0.589261	6.692746	6.964360	3.960194	4.022049	4.831280	4.334407	-0.111837	-1.940198	-1.778758	-5.900008	8.126604	2.544106	3.928348	3.734448	4.831280	4.334407	-0.099152	2.391521	-3.018019	-8.616592	8.289832	2.541015	3.928347	3.734442
7076	3	3.819582	2.922240	4.240290	5.877126	-2.277269	-14.823236	5.873876	-1.419025	4.535315	0.647104	3.819582	2.922240	-3.004805	1.158032	4.335869	0.577692	3.355784	3.773150	4.544053	1.162039	3.819582	2.922240	-4.425528	-0.557281	8.013550	3.071677	3.356971	3.767389	4.547892	2.024124
7115	3	3.511780	1.770079	4.483666	7.116818	-5.876798	-15.589230	6.943524	0.869522	2.344092	-0.164742	3.511780	1.770079	-2.371762	-2.835940	6.110119	6.081450	1.019422	5.606456	2.382824	2.263546	3.511780	1.770079	-1.809419	0.330975	4.533426	1.031915	1.020324	5.617135	2.348068	1.179313
7119	3	4.745631	4.275925	3.053640	6.027271	-4.437976	-7.267042	5.519741	-0.432060	4.217616	3.091121	4.745631	4.275925	-2.636594	5.845864	0.581267	0.814474	1.991835	0.315401	4.258101	4.437954	4.745631	4.275925	-6.834584	-3.149801	5.089503	6.417634	-1.086159	5.970579	4.268837	5.914626
7150	3	0.768981	0.763634	-5.942545	-7.118490	5.524049	9.476247	-3.105823	5.708685	1.164924	1.383989	0.768981	0.763634	-0.546859	-1.395879	0.815764	8.726576	-1.158033	5.700829	1.164924	1.383989	0.768981	0.763634	6.936039	4.608774	-3.845935	-2.923575	1.766633	5.102051	1.158146	-0.172153
7167	3	4.988858	1.992039	-3.232146	-4.761653	5.935654	8.208597	1.296396	1.103168	4.507385	3.602907	4.988858	1.992039	6.664490	4.766809	-3.867281	-9.114526	7.143247	-5.084383	3.962530	1.357232	4.988858	1.992039	6.057208	-1.118511	0.785750	-5.307629	6.557211	-4.054772	3.962530	1.357233
7192	3	5.933680	4.112129	-0.369835	-0.601887	-5.230050	1.321284	5.889901	-0.405993	2.786634	3.365008	5.933680	4.112129	-6.503153	-1.141297	-0.024741	4.541374	5.884115	4.299826	2.786634	3.646997	5.933680	4.112129	-2.367807	-0.798690	-4.179734	2.095339	5.889901	-0.405746	2.786634	3.629843
7224	3	5.185984	2.594723	-0.097336	2.524536	2.437917	-9.847958	0.994068	6.870279	4.127358	2.152483	5.185984	2.594723	5.407741	4.131682	-1.802595	-16.008081	5.453049	6.326036	4.127358	2.152476	5.185984	2.594723	-0.098012	-2.168695	6.498299	-4.161834	0.994158	6.948977	4.127522	2.171424
7284	3	6.303764	2.764407	-5.320789	-6.899652	4.511632	3.441381	-1.437901	5.573860	3.022790	3.990237	6.303764	2.764407	4.770401	0.024938	-1.467099	-4.546355	1.889393	2.670665	1.729721	-0.172029	6.303764	2.764407	3.955914	-4.026913	1.892139	-1.565948	1.987672	5.521533	2.912889	3.005221
7287	3	4.328934	1.543779	0.535897	-4.147656	4.543458	1.388089	-1.425122	0.920773	3.906041	2.995510	4.328934	1.543779	3.971961	2.211274	-0.899027	-2.456566	3.332321	1.842427	2.678626	-1.253655	4.328934	1.543779	-2.811849	-6.645983	2.650116	2.471107	-1.419642	0.744870	3.998145	3.976605
7309	3	3.996580	0.140077	-7.966053	-5.652509	6.262452	8.854512	1.830729	5.018562	2.408500	3.183852	3.996580	0.140077	0.441732	-0.398702	-2.325834	-4.799864	5.122518	0.844508	-0.022077	0.841361	3.996580	0.140077	-4.049500	1.760491	0.984556	-0.515630	5.175697	3.065465	2.038816	3.018486
7356	3	5.187881	3.666196	-4.943312	-10.013084	5.040825	4.901362	3.427409	6.531603	3.546693	4.645239	5.187881	3.666196	5.962957	0.742828	-2.825603	-6.778082	5.528304	4.491056	2.322116	0.946713	5.187881	3.666196	0.584771	-3.531786	0.843745	0.466619	5.255583	6.559319	3.312239	3.450048
7465	3	6.154370	4.472392	5.720317	0.115281	-2.422738	-3.777984	3.714093	-1.079509	3.611607	1.368336	6.154370	4.472392	1.198220	-8.294297	2.246093	2.826697	-0.840410	2.165193	4.310044	2.987814	6.154370	4.472392	-0.117741	-10.521087	2.147028	5.067455	-0.761331	2.138991	4.313897	3.079265
7491	3	4.922349	2.714498	-2.111288	-1.696069	6.561018	-2.287376	-0.218890	1.368942	3.599424	2.792708	4.922349	2.714498	-7.664610	-7.695155	7.283765	4.906404	0.458424	1.037553	4.083882	3.696796	4.922349	2.714498	2.238430	3.502685	-1.409620	-7.990735	3.052033	-2.343348	3.171441	2.549976
7497	3	5.466593	4.492386	6.097454	2.070752	-4.004046	-4.998176	7.334169	1.409330	4.424581	-0.078103	5.466593	4.492386	-0.457891	-2.751889	0.848066	3.016562	6.879244	1.287372	5.310223	1.989796	5.466593	4.492386	4.757448	-3.691356	1.854869	0.427689	6.410026	3.262121	5.256781	1.091255
7544	3	4.700114	0.105020	3.223112	5.314114	-2.119808	-3.864768	1.198450	1.071671	1.989590	-0.167272	4.700114	0.105020	-5.742722	0.452919	5.422333	0.373368	-2.766650	4.170260	2.449592	2.106209	4.700114	0.105020	-6.714414	-5.217650	3.808091	6.278895	-2.068552	3.757895	2.763901	4.533825
7566	3	5.352680	4.219620	-3.652209	-6.701479	5.592178	8.109430	1.485504	3.923682	4.628220	4.119866	5.352680	4.219620	3.183328	3.402791	-3.235976	-9.953331	7.231050	-1.745814	3.795488	-0.550357	5.352680	4.219620	3.157298	-1.340274	-0.159646	-3.136560	7.212283	0.256321	3.795828	1.574313
7632	3	3.347710	3.027847	1.593236	2.945269	-0.153261	-7.580578	5.783072	2.927207	-0.410835	-2.138301	3.347710	3.027847	-2.754623	-5.342384	7.757973	0.589872	1.421454	3.518806	1.015070	2.560122	3.347710	3.027847	-7.762468	-9.208920	7.657533	4.309831	1.428696	3.446985	1.212444	3.141079
7694	3	5.900636	2.400745	-0.367150	-1.683388	-0.473319	5.094976	-1.917991	2.262681	3.600156	3.385198	5.900636	2.400745	5.548108	3.547639	-5.307952	-2.734815	-1.677671	2.991817	2.239648	2.673979	5.900636	2.400745	3.952232	-1.002983	-0.485105	0.447132	-2.158828	2.365116	3.482321	3.306676
7708	3	5.782584	2.437941	4.186854	6.188678	-4.194372	-9.746710	4.320457	0.400313	3.161495	0.216785	5.782584	2.437941	-4.207290	-4.557364	4.706307	6.189471	-1.209286	4.442190	4.234192	4.165564	5.782584	2.437941	-2.155625	5.821758	0.764425	-4.172007	4.288726	3.851468	3.161495	0.216785
7783	3	3.579523	0.540939	2.280002	0.958015	-4.783592	-11.103165	5.322850	1.694558	1.789665	-3.254967	3.579523	0.540939	-3.857978	-1.835307	4.926526	8.258104	-0.038825	7.298396	3.381114	1.879676	3.579523	0.540939	2.111430	-1.898869	1.014301	-4.734277	5.204964	3.018070	1.789671	-3.254739
7792	3	2.345978	2.095469	-3.330079	5.989211	0.547521	-10.447558	6.694775	2.456054	4.716835	2.061398	2.345978	2.095469	-3.336958	1.218771	3.732153	-3.396247	2.157122	3.723784	4.716835	2.061398	2.345978	2.095469	2.779801	6.122904	-4.846115	-20.659261	6.837526	-0.555705	4.716835	2.061398
7892	3	3.840996	2.740098	-7.799665	-6.848239	5.846478	4.779780	4.843478	7.771629	3.062420	4.011963	3.840996	2.740098	1.027034	4.092764	-1.972668	-5.591275	5.328964	7.049841	0.307006	-1.006463	3.840996	2.740098	-2.138449	-1.906613	6.494393	0.497723	4.843234	7.771641	3.062270	2.833496
7950	3	3.740539	2.757274	2.049354	2.953020	-3.815502	-7.680661	6.118964	0.978495	2.664335	0.571331	3.740539	2.757274	-5.887402	-6.103267	5.805546	4.894872	0.233568	0.705243	4.118793	4.270055	3.740539	2.757274	-1.180383	-1.567310	6.172706	-0.067424	0.233567	0.940872	3.914645	3.197673
7971	3	5.574808	2.633784	-4.797852	-3.160681	4.645180	10.324710	-0.493156	6.647964	2.683205	2.544841	5.574808	2.633784	0.413417	2.210676	-5.396172	-5.214214	4.782959	0.113572	1.626413	-3.029119	5.574808	2.633784	0.831900	-2.566263	1.170544	-0.617935	4.515715	5.953027	2.200910	1.922752
7990	3	4.091933	0.236686	-0.185779	-3.466751	-0.857923	0.548429	0.766902	5.953340	-2.666614	1.995157	4.091933	0.236686	-0.092644	2.117107	-5.895932	-10.503638	0.731261	0.079753	-3.783594	-0.775177	4.091933	0.236686	-7.213492	-5.052665	2.816559	1.967967	2.232177	5.938202	1.355144	3.833529
8013	3	5.192833	4.666824	-5.085667	-6.798841	6.086655	4.051452	-0.082027	0.384571	3.940763	3.974261	5.192833	4.666824	0.810147	-6.545000	4.750146	0.983646	-0.192429	0.655474	3.847887	3.422958	5.192833	4.666824	2.715754	1.136217	-3.267479	-2.422653	2.740041	2.082203	2.657766	2.337114
8035	3	3.756359	3.704318	-5.345422	-7.429100	6.775097	10.410057	1.032850	5.806489	4.082041	3.185016	3.756359	3.704318	4.961006	4.914248	-5.202820	-7.763646	5.163285	0.012121	4.062744	-0.013668	3.756359	3.704318	-1.517211	1.890472	0.239459	2.326185	5.167269	4.719555	4.076684	3.105139
8099	3	5.356587	3.913570	-5.600945	-5.895062	3.851714	6.551730	0.925073	0.570140	4.334904	3.924049	5.356587	3.913570	4.502282	1.307718	-1.937457	-3.147070	2.732214	-0.597261	1.442248	-0.981243	5.356587	3.913570	-0.800123	-5.185940	3.808840	1.156965	0.937958	0.580662	4.331333	3.909516
8126	3	4.502069	3.303524	5.756918	3.414831	-4.584953	-6.475743	6.675494	4.896112	2.884056	1.831735	4.502069	3.303524	-0.016255	-4.481610	3.642899	2.089945	1.353061	7.820109	3.891828	4.799997	4.502069	3.303524	-4.228845	-6.778129	4.362360	7.264825	1.349208	7.819697	3.892016	4.853173
8132	3	4.176765	2.382765	6.711506	-0.330695	-0.803493	-2.100086	0.713878	-1.380956	3.146835	3.177940	4.176765	2.382765	0.225491	-2.054799	3.772284	-1.367725	-0.951129	-2.409219	3.684204	3.629860	4.176765	2.382765	-1.989427	-5.083761	4.528749	3.647735	0.537574	-2.772076	4.029316	3.979669
8142	3	5.312718	4.763037	0.374564	4.303725	-1.138692	-10.857017	6.753285	-1.643713	4.539449	1.467185	5.312718	4.763037	-1.381436	0.476774	1.397079	-4.627914	5.145685	0.848653	5.742013	4.152758	5.312718	4.763037	-2.016951	0.130327	2.165049	-5.193144	4.990365	0.945585	5.349137	2.782400
8159	3	4.274880	4.004387	-10.180419	-3.659012	5.416046	8.263265	-1.031202	3.729750	5.060919	5.148325	4.274880	4.004387	0.239733	7.539212	-2.355070	-7.476957	5.274453	-2.402680	4.848976	3.829219	4.274880	4.004387	-4.308150	7.482245	0.042341	-6.838122	5.229240	-2.343744	4.921416	3.999110
8169	3	6.558825	5.956041	-2.663794	-0.208588	1.653254	-2.794988	5.150890	6.506390	3.227004	1.236469	6.558825	5.956041	1.962424	2.370719	-6.246779	-12.913406	6.434688	0.690161	3.125624	1.026049	6.558825	5.956041	-8.825886	-4.185370	4.492257	8.711360	1.490714	6.322136	3.628830	3.269124
8180	3	5.522881	4.673145	-5.614354	-3.257758	2.168142	5.998099	-0.591912	6.396335	2.932030	6.091477	5.522881	4.673145	0.082012	3.226744	-6.024115	-2.750801	3.919035	1.738638	1.687075	2.472996	5.522881	4.673145	1.544467	-1.034335	-4.351317	0.805375	3.816744	1.467281	2.931515	6.077444
8186	3	6.213928	5.118287	-0.199418	-2.442556	1.064436	-7.602821	5.668118	1.770449	4.463981	4.133515	6.213928	5.118287	4.899996	1.440752	-7.417682	-13.957270	6.032679	-1.909335	4.463981	4.133515	6.213928	5.118287	-4.305034	-9.861724	2.788010	2.921878	5.423403	3.647533	4.468084	5.032865
8253	3	4.395914	4.582018	2.103791	-2.075763	-2.133555	-3.585176	5.361475	3.367476	2.739315	1.069031	4.395914	4.582018	-0.514100	-7.407809	1.596853	0.815394	2.232693	0.924934	4.172878	3.996120	4.395914	4.582018	-6.080607	-10.454147	3.342443	2.941702	2.017786	1.356321	4.173013	4.596881
8272	3	5.514794	3.962497	7.645407	3.060197	-2.610017	-11.408493	3.826620	2.306565	3.290812	1.045746	5.514794	3.962497	-3.171334	-6.700208	4.593152	6.817386	-0.499093	5.341727	4.228784	5.243582	5.514794	3.962497	1.505800	-2.713108	2.383707	-0.439219	2.705937	5.519311	4.123230	4.040939
8297	3	5.680611	1.181606	3.606682	-0.007703	-4.041796	-0.850109	4.428824	1.147130	1.660258	3.698617	5.680611	1.181606	-5.156587	-10.265581	4.750685	9.568973	1.606282	7.539707	1.749830	3.989865	5.680611	1.181606	1.296003	-1.342552	-1.124534	1.992994	4.493713	1.200903	1.747978	3.981679
8327	3	1.910453	0.714069	0.378819	3.939389	-6.357772	-4.980771	3.669510	0.679622	1.602949	0.247381	1.910453	0.714069	-11.722746	-4.993434	4.396127	9.446429	-0.653306	5.424749	1.645734	3.851059	1.910453	0.714069	-5.714639	3.649952	-1.013545	-2.398196	2.596527	0.695151	1.603379	0.249929
8350	3	4.350501	4.874764	-10.092231	-7.549326	4.122600	2.592644	1.900464	5.813729	4.022143	4.649351	4.350501	4.874764	0.569707	3.310851	-5.603119	-12.841566	7.629212	-0.001786	3.995298	4.399867	4.350501	4.874764	-0.815187	-1.637043	-0.107467	-1.993805	7.562001	4.946485	3.996229	4.407423
8356	3	5.806063	4.639342	-4.728331	-10.910222	7.707571	4.349432	1.339054	7.006594	3.564060	3.537752	5.806063	4.639342	3.627965	0.662194	-2.245819	-4.663766	1.909775	2.040216	2.046595	0.473493	5.806063	4.639342	2.492840	-2.072117	2.598085	-2.030963	-1.163097	7.164285	2.046732	0.476589
8376	3	5.369502	2.704452	-7.278110	-8.114752	4.226828	5.282565	0.384755	1.590417	4.051533	4.537472	5.369502	2.704452	2.242523	0.934809	-1.585488	-3.717436	2.660097	0.428693	2.281723	0.411316	5.369502	2.704452	-0.724087	-7.591620	1.769325	0.410214	4.561465	0.850143	4.043641	3.806618
8377	3	4.455165	2.319183	4.227469	2.208591	-7.974265	-2.719695	2.750077	2.335056	1.734176	-0.445735	4.455165	2.319183	-2.464846	-3.586129	2.568661	1.369733	-3.391503	6.086425	2.205987	3.508311	4.455165	2.319183	-2.462913	-2.147133	3.261576	0.420982	-3.843188	6.112056	1.734514	1.641537
8459	3	5.812319	3.313319	1.265731	0.838217	-1.717269	-7.394120	5.121727	4.811835	0.958375	1.559553	5.812319	3.313319	1.265785	4.548260	-5.880648	-7.492507	5.286154	4.809462	0.958375	1.559553	5.812319	3.313319	-8.931383	-5.615752	4.608237	6.393412	2.632789	8.307940	1.448719	2.759898
8493	3	3.506673	3.877884	3.654607	2.918554	-4.078316	-10.973127	7.114117	-3.914602	3.043115	3.355696	3.506673	3.877884	1.403699	-3.655745	2.194337	-4.383376	4.077548	0.633090	3.043115	3.355696	3.506673	3.877884	3.514090	-2.526950	0.928861	-7.908978	6.465354	0.564254	3.043115	3.355696
8526	3	5.573119	4.487785	-5.998339	-10.582817	6.397525	8.236302	2.070360	6.474156	3.183208	2.748466	5.573119	4.487785	-1.618714	-1.620903	-0.214390	-0.398241	8.435875	0.644674	2.924803	1.821813	5.573119	4.487785	3.549380	-0.207642	-5.919605	-5.807936	8.434198	0.122484	1.762406	-0.241695
8543	3	6.092810	4.110637	-1.451327	-5.077020	5.302880	-0.412605	1.260104	0.755287	5.368859	4.198116	6.092810	4.110637	-7.642145	-11.235281	4.939279	5.453495	1.269796	0.434238	5.593168	4.498536	6.092810	4.110637	4.986739	1.179314	-2.647471	-7.381208	2.052940	-3.573605	4.432864	3.392363
8612	3	6.044890	4.678966	-4.983993	-8.621703	7.547056	3.703609	-1.090050	2.536921	4.546909	3.923252	6.044890	4.678966	1.584460	-2.631640	2.204806	-3.015966	2.500240	2.506934	4.544619	3.727415	6.044890	4.678966	5.899390	1.637254	-1.777343	-9.447854	3.954822	-2.494953	4.470364	2.867348
8627	3	6.560686	2.522607	-5.079122	-1.263822	4.127290	7.341029	1.528927	5.453891	1.916728	0.739456	6.560686	2.522607	6.414984	1.872347	-0.532952	-4.944423	4.293224	3.439102	1.081366	-2.670951	6.560686	2.522607	4.221268	-1.619852	1.307439	1.269430	4.538393	4.612719	1.528724	0.343319
8633	3	2.948330	3.436422	1.782957	0.025308	3.213523	-0.887300	0.422491	3.602910	3.484043	0.150086	2.948330	3.436422	-2.763627	-2.910374	5.351250	1.722937	0.354214	1.440900	4.194563	3.687981	2.948330	3.436422	4.340869	4.486810	-1.636955	-14.891637	5.637223	-1.916907	3.475193	0.101931
8637	3	5.984469	3.392109	-5.201200	-1.341459	8.345252	2.675500	-3.784852	5.919482	3.527033	3.630254	5.984469	3.392109	1.834591	6.054547	-1.142922	-3.558103	-2.432699	3.818428	2.961366	-2.197498	5.984469	3.392109	-5.955318	1.928402	3.104675	0.313558	-4.155188	6.072604	2.975700	1.126632
8654	3	4.372414	2.915291	-0.579621	-2.499744	0.160086	7.898251	3.955322	4.818772	3.964574	2.984216	4.372414	2.915291	1.554053	2.899596	-6.386767	0.115232	3.494140	5.572319	0.997677	0.363994	4.372414	2.915291	-0.506430	-0.207149	-1.536895	6.804060	4.068757	4.768766	3.964574	2.984216
8676	3	6.015725	4.395314	5.219955	-2.186013	0.261547	-6.274802	5.489484	3.640396	4.438917	2.463138	6.015725	4.395314	5.233992	4.371977	-5.735437	-8.338912	6.711902	-0.020401	4.438917	2.463138	6.015725	4.395314	-3.287596	-5.606151	6.251083	3.090558	1.769827	4.159999	5.068885	3.776306
8790	3	5.184195	2.522681	0.391009	-1.191935	-0.164823	1.464200	5.211227	5.870946	3.249104	2.912037	5.184195	2.522681	2.857026	3.028900	-4.929400	-5.294806	1.919155	3.415566	2.107824	-1.293981	5.184195	2.522681	-7.640352	-3.328879	5.925733	7.894026	-0.942327	5.538227	3.814318	3.390812
8793	3	5.286763	2.327234	4.273659	3.141477	-4.234296	-5.785129	1.860680	0.983625	-3.692685	0.843785	5.286763	2.327234	-3.437793	-6.875141	4.347036	4.139326	-3.406275	7.524057	-0.898142	3.449016	5.286763	2.327234	-2.339958	2.900543	0.973858	0.512880	1.576631	5.859627	-2.421866	3.084454
8801	3	4.493856	3.012922	-2.670140	-4.750159	2.388727	3.938375	-3.958971	6.411279	1.174964	4.540392	4.493856	3.012922	4.141572	-1.663760	-0.464095	-1.186057	-1.464311	4.654488	1.045563	3.654040	4.493856	3.012922	4.732696	2.626318	-6.256725	-7.006569	0.841750	1.325034	-0.193909	1.476002
8861	3	5.214045	3.180557	-3.315548	-10.894648	2.883611	8.137264	1.005018	3.954118	4.006469	5.302340	5.214045	3.180557	3.636683	-4.301526	-1.096609	-1.139010	7.511756	3.565218	4.006469	5.184786	5.214045	3.180557	4.520245	1.257739	-5.164321	-3.546949	7.512045	3.483706	4.006469	3.240000
8926	3	3.702735	4.393989	2.567366	4.290614	-4.596300	-8.508639	4.373351	-2.348309	4.199466	3.989134	3.702735	4.393989	-2.727342	-3.494420	1.037120	3.376611	4.080366	1.983157	4.382111	4.384187	3.702735	4.393989	-1.413658	0.089613	-0.187924	1.574733	4.348260	0.057468	4.345500	4.282776
9040	3	3.850796	3.493477	-6.151883	-1.766572	0.262055	5.717353	3.542337	-5.910881	3.130120	1.825452	3.850796	3.493477	-10.565360	-8.283643	6.571880	6.471819	-0.896530	-0.131703	3.130120	1.825453	3.850796	3.493477	-0.000879	4.058092	-4.793722	-1.641266	3.643471	-6.594938	3.057541	0.277609
9149	3	4.512953	4.602536	3.053002	2.540610	-2.164907	-7.009389	5.557744	0.914936	2.608924	0.907926	4.512953	4.602536	-0.525828	-2.781716	3.701682	-0.294845	2.172454	6.240186	3.811741	4.251497	4.512953	4.602536	-4.913170	-7.926797	2.949397	4.173046	2.534095	6.151485	3.870493	4.638143
9179	3	4.081157	2.203245	-1.609900	-9.795177	5.058786	2.994853	0.365489	5.938719	3.609956	3.661001	4.081157	2.203245	0.516721	-4.984515	4.559302	-0.625592	-0.794438	6.085828	2.883378	3.162136	4.081157	2.203245	-0.377361	2.311431	0.704790	-1.766426	0.962933	5.404053	1.600060	2.485762
9193	3	6.541036	1.644520	-0.379208	3.781583	-2.937336	-0.603668	3.798713	-0.479342	0.301016	-1.807956	6.541036	1.644520	-12.773430	-5.837580	4.697398	10.340601	-1.139208	4.881580	0.475894	2.230309	6.541036	1.644520	-6.390042	0.837268	0.353674	5.671831	3.656998	4.575438	0.475894	2.230309
9199	3	4.880830	2.189329	6.334256	6.162349	-2.116020	-10.924391	5.059281	-3.719440	7.103234	1.502587	4.880830	2.189329	-5.412277	-1.463372	5.213567	3.142412	0.049476	2.087708	8.087416	3.622465	4.880830	2.189329	0.139042	0.875028	3.963841	-0.905768	0.092960	2.165114	7.121883	1.532354
9224	3	5.176483	3.390306	0.626472	5.887085	-3.338318	-0.443093	2.611711	2.891773	2.099626	1.691880	5.176483	3.390306	-6.290267	-4.989870	8.218998	10.493811	-1.572488	9.092572	3.117306	2.121517	5.176483	3.390306	-1.224522	0.161597	0.444243	8.244898	1.284323	9.026031	3.114943	2.119978
9235	3	5.447171	3.520162	-3.269933	6.988561	0.990635	0.713045	0.686163	5.308962	4.756671	3.905629	5.447171	3.520162	2.541590	7.671963	-0.225118	-4.147036	4.481870	3.873644	4.741681	2.962062	5.447171	3.520162	-7.401174	-2.420115	6.839161	6.612375	-0.814817	5.358646	4.756671	3.905644
9251	3	5.685986	3.599888	4.561073	3.627504	-1.377636	-8.396770	4.198561	-6.363653	3.008019	2.134457	5.685986	3.599888	-7.911457	-6.028272	3.362163	3.335933	1.749047	-1.018587	3.966661	5.133429	5.685986	3.599888	-1.750362	-2.456140	5.542222	-2.391020	1.560170	-0.851644	3.802266	4.354021
9285	3	4.157311	3.597519	-2.852784	-6.191916	3.940785	7.299276	4.986081	3.890073	3.895631	4.562763	4.157311	3.597519	0.499507	-0.449268	-3.077488	5.571283	7.541566	1.356976	3.895631	4.562760	4.157311	3.597519	5.236858	3.427170	-4.569706	-2.723514	7.577744	1.360169	3.891067	4.340313
9303	3	4.706021	2.632033	4.878334	7.668741	-4.418060	-7.832456	4.845029	-3.550467	5.338985	-0.888840	4.706021	2.632033	-2.820095	1.819004	1.354974	0.381135	-0.559467	1.413367	5.339034	1.468814	4.706021	2.632033	-7.556931	-2.223119	3.468105	6.567607	-0.567235	2.729678	5.345287	3.461767
9334	3	4.174747	4.024461	4.330465	-1.368333	2.209080	-1.607824	0.725135	0.184570	4.204770	3.204976	4.174747	4.024461	0.625260	-3.550241	4.352070	-0.526236	-2.413125	0.781995	4.272753	3.648932	4.174747	4.024461	-4.551102	-10.544749	5.915964	3.876197	-2.552580	0.818460	4.425000	5.175438
9358	3	4.677801	-2.395969	3.332470	-2.246889	-1.104051	-0.194878	-0.165350	3.841143	2.182432	3.596746	4.677801	-2.395969	-4.987195	-8.127063	2.526535	7.585425	-2.466235	5.823253	2.290613	4.369029	4.677801	-2.395969	-1.625431	-8.124265	0.375335	7.368767	-0.965815	4.756148	2.290613	4.369029
9379	3	5.712492	1.807872	5.395757	-1.916425	0.328441	-5.309137	3.158743	0.560181	1.997697	0.899728	5.712492	1.807872	5.398031	0.871895	-3.004422	-9.107670	3.594276	-0.202703	1.997697	0.899728	5.712492	1.807872	-4.222945	-8.301987	4.953370	2.598125	3.525799	3.547602	4.928015	3.443883
9409	3	1.337073	0.058100	4.431134	-1.404360	0.843802	-1.232595	3.551729	2.222359	3.842235	4.225319	1.337073	0.058100	5.735847	7.344248	-3.507345	-4.511877	2.818656	0.517386	3.554506	0.733700	1.337073	0.058100	-0.926113	-3.605871	5.077969	3.440050	-2.052941	4.109483	3.842702	4.311110
9434	3	4.074541	2.773717	5.180866	-0.420369	2.027951	-2.000147	3.751350	6.556185	3.552186	0.395064	4.074541	2.773717	7.649578	4.931481	-3.001655	-11.933008	4.778684	1.203123	3.051135	-0.574754	4.074541	2.773717	-0.932924	-3.593350	6.868623	3.240725	3.151404	4.987029	4.306910	1.885796
9441	3	4.364285	4.607179	-5.345539	-4.042689	8.472209	3.611948	-0.704337	6.008951	3.121569	3.826450	4.364285	4.607179	2.151162	2.379115	-2.345925	-5.944729	1.669465	2.421380	-1.103851	-0.461311	4.364285	4.607179	-4.211007	0.551057	4.795048	0.148746	-0.711453	5.884270	3.118712	3.823902
9477	3	5.158074	2.402138	-1.326062	-3.152740	-1.253972	3.751478	2.733728	-3.916259	1.485439	3.230452	5.158074	2.402138	-7.654284	-8.336178	3.032174	11.092111	-2.014858	1.083229	1.522677	3.238803	5.158074	2.402138	2.625472	0.876286	-7.468912	-0.398422	2.654357	-3.357285	-0.500823	2.473957
9483	3	5.276865	3.972289	4.375078	-0.932862	-4.970783	-4.621960	2.862601	1.491806	2.520959	1.722819	5.276865	3.972289	-2.378137	-7.622041	1.081200	5.411563	0.644524	6.548189	2.610004	4.604447	5.276865	3.972289	4.311104	-5.472843	0.235970	-1.461327	2.836214	4.243160	2.576014	2.207422
9486	3	6.153675	2.219263	-5.805254	-5.037150	4.535357	2.918544	3.417783	2.243272	3.940632	4.705725	6.153675	2.219263	-0.970992	-0.992900	5.192553	0.102715	3.063091	2.492107	3.770361	3.525750	6.153675	2.219263	3.005363	2.349339	-3.202669	-5.355321	4.169126	1.692818	2.953282	2.264565
9576	3	6.021916	5.134805	-1.564848	-8.105851	2.019221	3.455774	4.991132	3.368329	4.912047	4.769660	6.021916	5.134805	4.416100	3.103037	-3.332768	-11.560111	5.547318	-0.203497	4.739374	3.718860	6.021916	5.134805	2.510194	-3.412751	2.593035	-1.072301	4.799347	3.894979	4.797749	4.036886
9577	3	2.770235	1.548498	-5.741192	-1.146074	4.734556	4.862672	3.886099	2.024049	3.834159	2.796916	2.770235	1.548498	-1.533701	4.863748	2.320848	-0.814223	5.580315	2.717109	3.656062	1.514447	2.770235	1.548498	2.780284	6.133391	-3.642500	-3.890509	9.061248	-1.163844	3.525984	0.944931
9605	3	5.067510	4.521617	0.717205	1.596030	-2.947012	-1.420539	-0.626762	5.281491	-0.050426	2.534121	5.067510	4.521617	-1.945928	-4.047556	3.913983	0.960592	2.463444	6.706632	2.303801	3.785046	5.067510	4.521617	0.635239	-3.847336	2.537430	-0.241208	2.006577	6.778373	2.093090	3.717536
9631	3	5.071902	4.551851	-0.261684	6.594446	-4.860933	-11.904181	7.444886	1.340285	1.236232	2.227544	5.071902	4.551851	-5.273891	6.285010	1.011236	-6.057874	7.311756	4.489243	2.156300	2.495913	5.071902	4.551851	-4.750407	-3.819135	4.104969	3.187397	1.288989	6.738259	4.211069	4.605026
9633	3	4.360447	4.212937	-4.451189	-7.333833	6.258267	6.176514	0.797826	7.078506	3.146631	2.750163	4.360447	4.212937	0.815445	3.760694	0.619116	-6.892660	5.405999	3.052847	1.583147	-3.578549	4.360447	4.212937	-2.170782	1.967674	2.256191	-3.140411	3.925976	7.117227	1.583216	-3.410103
9653	3	6.193625	2.706781	-2.423724	2.978476	2.512076	0.514004	-0.472146	2.870302	3.857088	3.343409	6.193625	2.706781	-4.291254	-1.851944	5.168905	4.754829	-0.461616	2.824044	3.869255	3.502659	6.193625	2.706781	5.662331	5.292888	-3.831667	-5.330484	4.479766	1.044463	3.044481	1.825473
9721	3	6.051379	4.331512	-7.795317	-2.582820	3.108733	2.363177	5.897006	3.667055	4.853509	4.224939	6.051379	4.331512	-8.464498	-4.530569	3.230186	3.583555	5.837373	3.660882	4.884356	4.254830	6.051379	4.331512	1.118208	1.645104	-3.003391	-0.428549	6.280903	1.402495	2.641601	3.100681
9731	3	5.283775	4.375366	-4.018805	-10.233664	5.904182	9.266467	0.375389	6.440692	3.386202	3.185333	5.283775	4.375366	2.360094	-5.349314	1.109893	5.003166	5.305613	6.437389	3.386202	3.185333	5.283775	4.375366	8.213624	1.716640	-1.736816	-9.027344	5.904096	1.043336	3.031929	0.199765
9738	3	4.939571	4.581040	-10.761135	-4.088045	2.515731	2.435384	1.256898	8.152264	2.902073	4.509835	4.939571	4.581040	0.810955	2.846938	-5.716820	-4.126558	5.860793	3.288898	2.354820	2.011607	4.939571	4.581040	-3.816939	2.850099	-1.265274	-1.270466	6.522795	8.194372	2.822764	3.646401
9749	3	5.260246	3.680013	-6.448719	-7.969914	4.031980	8.136550	-1.417310	4.775803	3.570092	2.899387	5.260246	3.680013	-5.347970	2.959080	-1.478162	-0.744369	4.784450	0.535571	3.280589	-1.818547	5.260246	3.680013	4.361900	2.995613	-7.383381	-6.881611	4.787617	0.316380	3.280589	-1.833517
9807	3	5.400161	4.970423	-5.699205	2.535354	-1.054046	-0.613406	6.397546	2.805147	3.921098	2.276870	5.400161	4.970423	-11.299998	-4.045334	2.661755	3.217390	4.574859	4.690670	4.075134	3.860995	5.400161	4.970423	-0.844642	0.915673	-7.083347	-1.518964	6.744846	0.838220	2.970500	0.917087
9902	3	4.657666	3.483013	1.108110	4.121052	-2.628187	-9.279792	5.886971	-1.003594	2.824958	-0.430914	4.657666	3.483013	-3.767763	1.153216	1.758286	-2.168036	4.860757	3.036892	2.825174	-0.094435	4.657666	3.483013	-11.177333	-4.870776	7.002543	7.318472	1.104642	2.722061	4.401225	4.235502
9946	3	4.270785	3.026566	3.910457	1.092529	0.157111	-7.484726	-4.728960	-4.806495	3.231053	3.360316	4.270785	3.026566	-1.934596	-3.930314	4.559802	0.253854	-4.665461	0.206543	3.267905	3.388768	4.270785	3.026566	1.326842	-3.782720	2.698170	-2.068314	-4.752568	0.131816	3.231056	3.360318
9999	3	4.152435	2.808985	-11.634243	-9.237950	4.906094	5.773401	-4.806705	5.098874	4.228011	3.991879	4.152435	2.808985	0.292900	0.042067	-3.569318	-1.798948	0.931456	-0.444376	3.831681	2.714133	4.152435	2.808985	0.323715	0.036620	-3.800440	-2.835834	0.912370	-0.494516	3.647802	2.558793
