25	3	-1.8421	-3.5918	-9.5642	-14.534	-0.53755	-5.5344	-3.7102	-0.46341	-2.9022	-3.2576	-1.8421	-3.5918	-3.4184	-8.4097	-4.7995	-9.0491	-5.9292	-2.5243	-4.1552	-4.0398	-1.8421	-3.5918	-3.3276	-3.8053	-10.717	-13.901	-5.225	-4.9694	-4.1776	-4.0463
76	3	-1.8281	-2.0519	-12.366	-10.234	-0.97768	-5.8318	-3.7651	1.0668	-2.1783	-3.263	-1.8281	-2.0519	-4.8034	-8.8435	-5.3832	-9.3712	-2.032	0.28396	-2.1783	-3.6281	-1.8281	-2.0519	-3.5576	-3.4505	-8.7886	-15.415	0.62898	-1.851	-2.2023	-5.5468
79	3	-2.2208	-1.8078	-16.525	-8.6915	-4.2863	-2.9378	-3.3738	-2.0776	-1.2561	-2.0632	-2.2208	-1.8078	-12.388	-4.8475	-9.7662	-8.4624	-1.5452	-2.147	-1.2561	-2.0636	-2.2208	-1.8078	-7.3426	-0.75571	-6.7514	-11.969	-1.6318	-1.7058	-1.4945	-3.8488
101	3	-2.8077	-3.9614	-17.003	-11.447	-4.278	-4.7172	-6.2963	-3.7035	-2.4755	1.7678	-2.8077	-3.9614	-10.629	-4.3761	-8.2692	-10.88	-2.0073	-3.6895	-2.6196	-2.8904	-2.8077	-3.9614	-4.6309	-4.3653	-12.091	-19.607	-0.63805	-3.6862	-2.6231	-2.8971
183	3	-0.89427	-1.7674	-16.387	-12.999	0.32533	0.33982	0.5152	-0.023622	-3.2724	-2.7735	-0.89427	-1.7674	-5.7151	-2.4361	-7.3945	-13.259	3.4324	-5.6933	-3.6011	-6.9079	-0.89427	-1.7674	-10.04	-3.3636	-4.6846	-7.6851	3.0815	-5.4585	-3.6011	-5.6266
219	3	-1.9666	-4.2598	-5.675	-11.314	-4.5537	-6.5679	-2.5967	-7.5656	-3.4558	-4.5334	-1.9666	-4.2598	-5.4047	-2.7887	-10.631	-10.059	-0.7691	-9.0737	-3.4782	-5.0812	-1.9666	-4.2598	-9.1213	-14.564	0.21037	-0.11809	-5.5604	-2.7081	-3.446	-4.4393
271	3	-0.87074	-4.3706	-3.6998	-2.5338	-11.921	-15.684	-2.0685	-7.5676	-3.5012	-4.5924	-0.87074	-4.3706	-9.439	-2.1462	-6.3656	-8.7434	-4.1326	-4.2411	-2.5802	-2.6813	-0.87074	-4.3706	-12.47	-11.513	-1.0147	-2.4681	-6.3746	-3.742	-2.5657	-2.6734
340	3	-2.8712	-4.6194	-16.755	-9.1369	0.69395	-6.1359	-5.0645	-2.459	-3.062	-0.48332	-2.8712	-4.6194	-13.308	-3.3526	-0.50811	-9.5158	-5.1269	-1.8208	-3.3106	-2.102	-2.8712	-4.6194	-6.1258	0.7968	-7.0866	-18.14	-3.8967	-6.553	-3.3462	-2.2002
368	3	-1.5116	-3.5898	-10.705	-14.757	-3.4814	-3.1367	-1.9662	-0.566	-1.6165	-2.4426	-1.5116	-3.5898	-3.2484	-10.042	-5.53	-10.782	-0.64325	-0.72343	-1.6359	-2.7508	-1.5116	-3.5898	-0.11931	-4.1173	-11.321	-14.11	0.28377	-5.3487	-1.7366	-3.4251
407	3	0.56909	-4.3228	-2.7101	-0.82781	-11.424	-12.414	-6.0922	-8.4654	-3.8925	-5.4403	0.56909	-4.3228	-13.364	-11.731	-2.6261	-5.419	-11.81	-3.3088	-3.6185	-3.5444	0.56909	-4.3228	-11.673	-6.537	-6.1081	-6.4686	-10.468	-3.3891	-3.6185	-3.5447
433	3	-2.3096	-9.2807	-5.5604	-5.4711	-13.716	-10.821	-6.6047	-2.874	-7.783	-6.0862	-2.3096	-9.2807	-7.415	-10.33	-9.4039	-4.2157	-6.1686	-0.88087	-6.5549	-5.4695	-2.3096	-9.2807	-3.9179	-5.4299	-16.714	-12.167	-6.6351	-3.1	-8.3573	-8.7212
463	3	0.012974	-2.5925	-3.573	-5.8996	-12.783	-14.226	0.90771	-5.9366	-0.74399	-6.7402	0.012974	-2.5925	-13.036	-11.645	-3.3605	-4.0285	-4.4343	-0.60078	0.65556	-2.4169	0.012974	-2.5925	-8.6188	-5.8082	-7.6975	-9.4894	-1.5472	-6.0991	0.4318	-3.7824
517	3	0.18333	-4.5259	-4.378	-6.1413	-2.0828	-12.176	-9.121	1.8675	-4.5959	-1.4815	0.18333	-4.5259	-6.8366	-11.052	-1.1483	-8.9885	-8.7726	1.7514	-3.3976	0.10435	0.18333	-4.5259	0.89179	-3.3948	-8.6799	-19.722	-3.5517	-4.4642	-4.7177	-1.8469
632	3	-3.2741	-5.1389	-8.9806	-11.283	-3.1079	-1.7652	-3.3982	0.96961	-3.0449	-5.249	-3.2741	-5.1389	1.2498	-2.7075	-11.967	-13.047	-2.1942	-4.0625	-4.3021	-8.6621	-3.2741	-5.1389	-2.6451	-5.248	-9.969	-5.5042	0.70276	-0.70031	-3.0449	-5.249
634	3	-2.8488	-4.5887	-1.8651	-1.482	-14.108	-22.912	-0.66047	-6.4354	-3.1024	-7.4236	-2.8488	-4.5887	-9.5503	-5.882	-4.2319	-8.165	-3.0269	-2.934	-2.0324	-2.6069	-2.8488	-4.5887	-2.2579	-6.6066	-8.2083	-11.672	-1.3476	-2.7238	-2.9836	-7.1589
672	3	-3.5197	-0.86212	-10.856	-7.0329	0.81066	-14.96	0.86087	-6.2295	-3.8686	-5.6174	-3.5197	-0.86212	-5.0279	-4.4836	-4.6842	-19.858	2.0463	-10.331	-3.9501	-5.921	-3.5197	-0.86212	-9.2449	-9.9661	6.3204	-13.833	0.68654	-6.3947	-3.4291	-4.8536
675	3	-1.1449	-3.3334	-10.283	-14.143	0.98192	-3.5719	-4.4072	-1.9084	-2.9253	-1.9759	-1.1449	-3.3334	-2.0702	-2.8503	-4.9921	-13.227	-0.82553	-4.9384	-5.5569	-5.0518	-1.1449	-3.3334	-5.1698	-7.9937	-0.55354	-11.825	-0.65427	-2.5326	-3.2283	-2.3994
689	3	-2.8477	-3.4058	-9.0767	-20.008	-2.3475	-4.8185	-6.7002	-5.7537	-3.8379	-1.2083	-2.8477	-3.4058	-3.3506	-16.624	-6.4735	-10.034	-3.0022	-5.7532	-3.8391	-1.7253	-2.8477	-3.4058	-1.5531	-8.8725	-11.059	-11.435	-1.9719	-9.1788	-3.8433	-2.4438
704	3	-0.090765	-2.337	-0.8954	-3.2407	-15.498	-22.585	-2.9908	-9.7649	-1.3602	-8.6154	-0.090765	-2.337	-9.1756	-14.58	-4.8232	-6.5312	-6.2058	-7.0864	-0.22051	-5.3376	-0.090765	-2.337	-5.4802	-3.2777	-9.2451	-12.074	-2.9348	-6.2931	-1.344	-8.5822
748	3	-4.1354	-3.7328	-7.2599	-4.3009	-9.8146	-7.1614	-4.4061	-5.6179	-2.6551	-0.61598	-4.1354	-3.7328	-3.4707	-1.96	-10.891	-11.555	-5.9708	-5.5732	-3.3917	-1.3782	-4.1354	-3.7328	-11.784	-10.514	-3.9544	-0.018234	-8.7872	0.86493	-2.6153	-0.59717
826	3	-2.7306	-1.985	-14.092	-12.914	2.7864	-0.082758	-4.5196	-1.9805	-1.9709	-4.9864	-2.7306	-1.985	-4.4294	-2.2263	-9.7317	-17.917	1.5099	-5.5834	-2.6925	-7.1018	-2.7306	-1.985	-7.5094	-6.8289	-3.699	-3.9189	-0.13397	-3.2405	-1.9709	-4.9864
986	3	-1.9402	-5.4488	-3.2787	-2.5794	-4.3821	-14.234	-2.4965	-3.1902	-3.0739	-5.6218	-1.9402	-5.4488	-5.476	-4.0623	-2.5693	-11.854	-3.79	-3.1782	-2.9803	-5.4598	-1.9402	-5.4488	-7.2807	-10.009	0.67122	-5.4317	-2.8856	-3.1848	-1.8799	-3.359
1009	3	-3.2128	-2.5934	-8.4475	-7.8295	-3.6798	-11.058	-8.3371	-1.4674	-5.1766	-4.7806	-3.2128	-2.5934	-18.999	-13.114	0.42859	-6.1122	-10.402	-1.1148	-4.7417	-3.5418	-3.2128	-2.5934	-14.208	-7.8379	0.097291	-10.376	-10.411	-0.87172	-5.1152	-4.6147
1023	3	-0.59567	-6.6668	-16.07	-4.5184	-7.1224	-7.3494	-2.3202	-1.5292	-3.7036	-2.4456	-0.59567	-6.6668	-20.296	-10.72	-1.7055	-0.28337	-4.3314	-0.29948	-3.7036	-2.4454	-0.59567	-6.6668	-11.645	-2.4244	-7.0697	-9.8476	-2.3244	-1.4996	-3.7036	-3.1882
1028	3	-2.5835	-4.8031	-5.2926	-2.0063	-8.1035	-12.634	-3.9526	-7.8913	-4.3083	-3.9668	-2.5835	-4.8031	-17.033	-12.354	-2.9719	-4.8653	-7.3071	-2.0323	-3.5451	-1.4555	-2.5835	-4.8031	-8.749	-2.2015	-5.9171	-8.078	-5.4783	-2.1896	-3.566	-2.2166
1048	3	-0.63529	1.3869	-4.8557	-6.8283	-4.4808	-11.843	-4.0793	-3.3304	-2.1856	-4.728	-0.63529	1.3869	-11.568	-12.437	0.25307	-1.8311	-8.5594	-1.342	-2.0542	-2.8568	-0.63529	1.3869	-4.6047	-1.0179	-7.9234	-16.573	-4.0725	-5.9175	-2.292	-6.3448
1082	3	-2.9568	-7.3176	-6.2743	-3.1124	-3.3646	-11.914	-4.1955	3.4119	-4.2055	-5.7807	-2.9568	-7.3176	-1.1366	-1.3196	-7.0111	-15.115	-2.2723	2.0333	-4.2056	-6.5809	-2.9568	-7.3176	-7.2798	-10.338	0.078115	-8.2085	-6.2302	1.9738	-3.6237	-2.3261
1115	3	-0.98411	-4.6435	-5.3779	0.37278	-4.8071	-11.582	-1.1365	0.43667	-3.3875	-2.9949	-0.98411	-4.6435	-8.0277	-4.7154	-1.2082	-4.6039	-3.7028	0.57475	-3.2989	-0.92953	-0.98411	-4.6435	2.5101	4.0398	-11.147	-18.357	0.48007	-2.4631	-4.2445	-3.7662
1163	3	-1.9214	-3.6811	-9.1038	-12.873	-1.1232	-5.5258	-5.6155	-4.8576	-2.3968	-2.764	-1.9214	-3.6811	-3.2242	-4.7238	-5.7052	-20.246	0.01756	-10.021	-2.9539	-6.7361	-1.9214	-3.6811	-5.2214	-8.9869	-1.8383	-11.464	-5.6013	-4.858	-2.3968	-3.8078
1169	3	-3.7205	-6.049	-4.938	-10.056	0.45156	-7.4988	-6.1409	-2.9332	-2.0666	-3.0974	-3.7205	-6.049	-4.5731	-2.306	-4.395	-12.734	-10.674	-4.6752	-4.6919	-4.5277	-3.7205	-6.049	-8.5112	-10.099	2.1544	-3.523	-6.1409	-2.9201	-2.0666	-3.0974
1189	3	-1.4955	-3.1229	-22.708	-13.193	-3.2461	-2.0557	-6.5995	-4.6707	-2.6864	-1.9699	-1.4955	-3.1229	-16.33	-2.0137	-8.8209	-9.7131	-3.1549	-6.7516	-2.6894	-2.3591	-1.4955	-3.1229	-10.032	-2.0092	-13.573	-10.51	-2.165	-9.7206	-2.6924	-2.5467
1209	3	-2.862	-3.5447	-7.1678	0.04125	-4.7233	-9.8691	2.5384	-2.6794	-1.4481	-2.6562	-2.862	-3.5447	-7.48	-6.2701	-2.279	-9.4785	1.8287	-2.3554	-1.4465	-1.4933	-2.862	-3.5447	-14.024	-11.542	-1.943	-5.3605	1.788	-1.6998	-1.4465	-0.61894
1215	3	2.5093	-4.3859	-7.8236	-5.4984	-8.4065	-14.206	-4.2438	-5.3273	1.0066	-5.0332	2.5093	-4.3859	-13.029	-12.552	-3.2539	-7.8202	-7.3133	-4.8447	3.638	-2.8793	2.5093	-4.3859	-7.7903	-5.4918	-8.3754	-14.293	-4.2337	-5.3416	0.71108	-5.3001
1267	3	-1.8082	-2.826	-6.2947	-4.7584	-6.7779	-14.107	-6.269	-2.5441	-3.6707	-2.7691	-1.8082	-2.826	-13.185	-13.238	-4.3755	-4.846	-7.4165	-0.33937	-3.6706	-2.493	-1.8082	-2.826	-9.9765	-4.816	-6.804	-11.368	-6.2114	-2.5446	-3.6707	-2.55
1280	3	0.24614	-5.5094	-9.3262	-4.4342	-6.367	-15.104	-1.1017	-3.0256	-1.1084	-7.2087	0.24614	-5.5094	-3.4177	-2.0251	-13.165	-24.482	-0.70617	-7.425	-1.1336	-7.3321	0.24614	-5.5094	-7.3206	-2.1161	-8.1253	-15.544	-0.87313	-3.9147	-1.1197	-7.2637
1291	3	2.6789	-3.9259	-7.7994	-20.349	-1.1766	-5.0412	-6.0254	-5.1459	-4.8021	-3.413	2.6789	-3.9259	1.7466	-9.2512	-7.6674	-11.523	-2.9693	-5.9293	-4.822	-3.4359	2.6789	-3.9259	-2.5647	-14.086	-6.9235	-7.4203	-2.9121	-5.4782	-4.8021	-3.413
1295	3	1.1151	-1.7589	-11.423	-12.552	2.0994	-6.3837	-7.5492	-3.1719	-2.9484	-4.1046	1.1151	-1.7589	-2.5778	-0.98547	-8.4661	-23.395	-1.1878	-8.4486	-3.3548	-7.6501	1.1151	-1.7589	-11.127	-2.6393	-2.7916	-9.7569	-5.2445	-3.0495	-2.9887	-4.3941
1343	3	-0.45757	-4.6043	3.0014	-2.3521	-9.9501	-12.864	-3.5979	-7.207	-2.1801	-3.0178	-0.45757	-4.6043	-6.2512	-8.3473	-0.33391	-6.1028	-8.8557	-4.7611	-1.6066	-0.18842	-0.45757	-4.6043	-4.2556	-7.5158	-1.1069	-7.5734	-8.8497	-4.7673	-1.6067	-0.26834
1379	3	-2.1833	-3.1653	-8.4586	-4.3085	0.045822	-7.5829	-6.0696	-3.6539	-2.9264	-4.4861	-2.1833	-3.1653	3.1208	2.4256	-10.663	-23.353	-2.7408	-8.628	-3.3585	-6.6033	-2.1833	-3.1653	2.5222	-2.5329	-5.5716	-18.978	-3.0182	-4.9097	-3.3585	-6.6033
1402	3	-2.943	-8.2172	-8.0391	-10.524	5.1576	-10.792	-11.579	-5.1541	-3.5304	-5.255	-2.943	-8.2172	-2.6135	-4.6478	-4.3764	-19.885	-5.4109	-8.403	-3.5482	-5.3238	-2.943	-8.2172	-11.586	-15.631	4.7091	-5.449	-10.591	-7.6714	-2.7968	-3.0874
1423	3	-1.4626	-3.4036	-4.8999	-0.46818	-11.642	-14.396	-3.9306	-4.1936	-3.5316	-2.7497	-1.4626	-3.4036	-7.0835	-0.29212	-11.481	-10.455	-3.9273	-4.1939	-3.195	-1.8671	-1.4626	-3.4036	-16.765	-9.1142	-2.4388	-0.29637	-9.8951	1.8822	-2.9732	-1.1201
1432	3	-0.67464	-2.736	-13.158	-12.062	-1.2628	-8.306	-2.3602	-5.4578	-0.64145	-1.9919	-0.67464	-2.736	-3.3158	-4.5976	-7.0668	-16.747	-0.921	-9.1408	-1.2249	-6.0203	-0.67464	-2.736	-9.1379	-7.7755	-2.4646	-10.02	-1.6163	-5.4371	-0.65515	-4.4286
1450	3	-3.6168	-4.192	-0.71915	-1.2114	-7.9665	-24.374	0.19407	-6.4407	-5.1759	-5.1784	-3.6168	-4.192	-4.9513	-6.1791	-0.34955	-8.6977	-4.9372	-1.8463	-4.5978	-3.9612	-3.6168	-4.192	-9.932	-11.233	1.51	-4.1866	-4.919	-1.8734	-4.5715	-3.9337
1464	3	0.036844	-3.3801	-0.93448	-5.934	-8.7373	-10.295	-5.7634	-3.9993	-7.41	-6.1082	0.036844	-3.3801	-10.2	-13.469	-2.5001	-5.7936	-3.0725	-1.6076	-5.1607	-2.906	0.036844	-3.3801	-1.426	-7.731	-6.6394	-9.8149	-5.4975	-3.9733	-7.1531	-4.724
1473	3	1.766	-5.0007	-14.032	-12.741	-0.82886	-1.0454	-7.4172	0.7656	-2.0164	-3.1014	1.766	-5.0007	-7.6835	-2.987	-10.299	-10.733	-3.968	-3.3658	-2.7573	-4.8555	1.766	-5.0007	-7.9701	-12.154	-6.7245	-5.557	-3.4395	-1.6733	-2.0224	-3.1211
1506	3	-2.9629	-1.5654	-13.704	-15.973	0.39789	-3.8915	-9.3475	0.083704	-4.1543	-3.8943	-2.9629	-1.5654	-2.7541	-6.5174	-7.3478	-15.176	-3.9825	-6.125	-4.5921	-10.347	-2.9629	-1.5654	-2.7619	-10.365	-5.6143	-13.076	-3.9866	-4.7718	-4.5921	-9.6321
1620	3	-0.28627	-2.4752	-12.236	-16.614	-1.5695	-3.4982	-6.5901	-5.3312	0.41152	-3.099	-0.28627	-2.4752	-0.90376	-3.9032	-10.868	-22.551	-1.6593	-6.6491	-2.3626	-5.8469	-0.28627	-2.4752	-6.1941	-10.235	-5.9126	-13.802	-1.997	-2.146	-0.93528	-3.8051
1623	3	-1.0326	-3.7622	-12.615	-12.321	2.4455	-3.7735	1.1442	-5.6563	1.8217	-2.701	-1.0326	-3.7622	-6.2143	-6.9205	-0.26795	-12.636	3.068	-5.6508	1.5827	-5.3028	-1.0326	-3.7622	-4.4372	-1.0712	-8.5575	-22.862	5.0033	-10.634	1.3842	-6.2263
1646	3	-2.486	-0.05337	-15.246	-13.059	-2.3083	-4.8297	-4.1772	-5.7698	-1.6691	-4.3821	-2.486	-0.05337	-10.255	-6.8902	-2.3981	-11.381	-4.2574	-5.7335	-1.8687	-5.2777	-2.486	-0.05337	-4.4657	-2.8201	-13.439	-21.975	-1.6109	-11.409	-1.9972	-7.1598
1650	3	-0.53733	-4.1328	-7.7222	-5.5242	-10.496	-16.309	-3.4325	-4.2436	-4.5315	-8.4755	-0.53733	-4.1328	-14.52	-12.415	-1.6542	-2.5877	-5.6248	-0.7883	-2.9613	-3.2042	-0.53733	-4.1328	-12.035	-10.23	-5.5069	-4.691	-0.84779	-2.5574	-2.9613	-3.2042
1700	3	-1.9382	0.48438	-1.0497	0.5328	-12.307	-19.065	-0.68528	-6.8259	-2.9452	-0.33446	-1.9382	0.48438	-7.524	-0.6273	-6.5515	-10.003	-1.1469	-1.8266	-2.2114	2.1069	-1.9382	0.48438	-10.278	-6.3004	-4.6731	-5.673	-3.5395	-1.0802	-1.5686	3.6303
1709	3	-1.5995	-2.3027	-3.8644	-8.3246	-8.5436	-10.829	-6.2264	-5.1564	-5.2573	-6.8994	-1.5995	-2.3027	-4.1886	-8.5132	-8.3843	-9.733	-6.4455	-5.1525	-5.2805	-6.6266	-1.5995	-2.3027	-4.0549	-8.4011	-8.6677	-9.8036	-6.3262	-5.1536	-5.1558	-6.5656
1790	3	-3.0261	-3.5988	-20.061	-12.687	-3.0372	-4.0171	-7.0254	-4.7622	-3.749	-1.9468	-3.0261	-3.5988	-9.0275	-1.4667	-12.985	-21.131	-1.6488	-9.6493	-4.0362	-5.8597	-3.0261	-3.5988	-12.98	-2.3232	-8.053	-16.865	-1.8625	-7.0235	-4.0357	-5.8588
1797	3	-2.8313	-4.2718	-4.267	-0.39493	-10.904	-15.516	1.4998	-3.1689	-3.2176	-6.5498	-2.8313	-4.2718	-12.073	-10.984	-3.2671	-8.0728	-2.842	-1.14	-1.4751	-3.7734	-2.8313	-4.2718	-5.7358	-7.0859	-5.4655	-11.503	-1.5538	-1.5415	-1.5477	-4.376
1805	3	-0.62067	-6.8529	-13.55	-14.534	-1.4885	-3.1564	-8.5167	-3.8191	-2.4294	-5.6742	-0.62067	-6.8529	-5.4596	-4.4011	-9.8161	-11.708	-7.907	-4.393	-5.1428	-8.1613	-0.62067	-6.8529	-8.9584	-4.8607	-5.467	-9.0092	-8.3506	-4.1362	-2.7575	-5.7891
1807	3	-2.8737	-3.8409	-1.3101	-9.8667	-12.015	-12.499	-0.48508	-4.595	-3.4124	-2.061	-2.8737	-3.8409	-10.085	-15.51	-8.318	-7.8095	-0.55513	-4.189	-3.3786	-0.77332	-2.8737	-3.8409	-1.3305	-5.0232	-16.927	-16.13	-0.49323	-4.4546	-3.4904	-2.6795
1831	3	-1.0357	-3.0129	-11.321	-10.064	-2.4897	-7.917	-8.7966	1.1903	-4.5573	-2.9774	-1.0357	-3.0129	-4.084	-3.2052	-10.879	-15.888	-2.201	-1.6392	-4.596	-4.2382	-1.0357	-3.0129	-6.9759	-7.8598	-3.0549	-11.26	-8.8072	1.1946	-4.587	-4.0131
1868	3	-1.5667	0.31903	-12.242	-8.7974	-1.971	-10.183	-7.4995	0.78174	-2.9399	-2.3562	-1.5667	0.31903	-5.7836	-4.7595	-10.282	-20.939	-3.044	-3.1708	-2.9807	-3.268	-1.5667	0.31903	-10.918	-4.7463	-6.7144	-16.634	-7.3785	-2.3605	-2.9746	-3.1559
1900	3	-0.97879	-4.4093	-6.6486	-4.4952	-11.624	-14.62	3.418	-4.4386	-2.2352	-5.1899	-0.97879	-4.4093	-8.2287	-10.976	-5.6824	-7.8592	2.9219	-3.6152	-2.2077	-2.0386	-0.97879	-4.4093	-8.0487	-8.3162	-8.5673	-8.0242	3.3475	-4.4453	-2.2077	-2.0465
1933	3	-1.0095	-2.4639	-2.3783	-3.1667	-8.8323	-21.793	0.26708	-12.604	-4.0757	-6.8401	-1.0095	-2.4639	-8.4799	-9.5005	0.49091	-8.854	-3.5546	-8.0553	-4.0166	-5.301	-1.0095	-2.4639	-2.6089	-7.7012	-4.4862	-18.755	-2.3735	-8.0844	-4.0757	-6.8401
1986	3	-4.8574	-2.3923	-0.36046	-4.2471	-9.272	-22.552	-2.1591	-5.0332	-2.8538	-7.3457	-4.8574	-2.3923	-6.806	-9.9198	0.52534	-10.878	-8.4237	0.95231	-2.4702	-4.5842	-4.8574	-2.3923	-13.163	-16.217	0.63212	-5.3483	-8.3797	0.9494	-2.432	-4.0367
2054	3	-4.4337	-6.1685	-0.11763	2.8822	-7.8958	-19.349	1.0625	-5.8151	-2.1769	-2.5669	-4.4337	-6.1685	-10.482	-7.8397	2.5583	-2.3825	-3.9033	-3.2872	-1.6974	-1.288	-4.4337	-6.1685	-6.3059	1.6077	-3.231	-14.898	-1.6512	-3.331	-2.0652	-2.3996
2057	3	-0.16632	-3.1708	-10.549	-4.4143	-6.7317	-10.623	-4.8055	0.23412	-3.8033	-4.9301	-0.16632	-3.1708	-10.966	-9.6057	-0.38883	-10.438	-10.351	1.149	-3.2824	-4.7091	-0.16632	-3.1708	-16.829	-13.976	-0.69069	-5.3466	-8.7708	0.23709	-2.5923	-4.3063
2106	3	-0.46539	-3.9242	-11.211	-11.779	-3.8642	-3.961	-5.0843	-1.6665	-3.4132	-2.5182	-0.46539	-3.9242	-5.1019	-6.7356	-4.4137	-7.7158	-5.0919	-1.6595	-3.5385	-3.7472	-0.46539	-3.9242	-2.2839	-1.7043	-10.58	-22.891	0.076039	-7.4032	-4.3083	-5.7749
2140	3	-1.7682	-4.1635	-2.9922	-5.5816	-7.6402	-18.068	1.9207	-9.1826	-5.6131	-5.0341	-1.7682	-4.1635	-11.759	-15.555	-3.3218	-1.6965	-4.1423	-3.4062	-5.539	-2.7674	-1.7682	-4.1635	-5.9112	-10.083	-5.3958	-12.054	1.6591	-6.0311	-5.6099	-5.0206
2148	3	0.77447	-2.0988	-8.7244	-9.442	-1.1644	-8.6593	1.3057	-1.9821	2.0732	-0.96279	0.77447	-2.0988	-0.50309	-3.7782	-11.627	-23.957	3.8853	-6.023	-0.13155	-2.6049	0.77447	-2.0988	-5.7593	-4.7119	-5.1213	-13.883	2.916	-1.6158	-0.13154	-2.6048
2162	3	-1.9652	-1.9088	-17.432	-8.1653	-0.30596	-6.3123	-7.5089	-3.7598	-1.8183	-2.5881	-1.9652	-1.9088	-13.15	-3.3792	-4.3529	-12.292	-5.2571	-3.758	-1.8432	-2.6409	-1.9652	-1.9088	-6.8502	-2.6708	-9.9163	-14.652	-4.3174	-8.335	-2.9303	-3.5873
2226	3	-2.1301	-2.4731	-17.409	-9.3463	-4.7787	-3.3722	-7.7704	-4.4739	-4.1327	-3.1742	-2.1301	-2.4731	-13.892	-7.6694	-6.9347	-9.9852	-3.9625	-7.4206	-4.2163	-4.334	-2.1301	-2.4731	-13.565	-7.7287	-7.2497	-10.195	-3.9663	-7.9236	-4.9997	-5.1865
2308	3	-2.3942	-3.8506	-14.391	-1.8975	-1.4246	-10.877	-6.6588	-2.4757	-3.0645	-2.4706	-2.3942	-3.8506	-3.2131	1.9017	-8.8976	-20.025	-1.5358	-8.4812	-3.1299	-7.3114	-2.3942	-3.8506	-14.953	-7.1547	-0.0047746	-4.7318	-6.6289	-2.5337	-2.9634	-1.2213
2329	3	-2.6147	-0.61324	1.6317	-10.155	-7.1823	-11.261	0.41357	-10.162	-4.4727	-6.9974	-2.6147	-0.61324	-10.88	-15.26	-4.2816	-4.3787	-5.9769	-9.125	-4.4708	-4.1955	-2.6147	-0.61324	-4.8229	-12.616	-3.7159	-9.0147	-6.0174	-9.0452	-4.4708	-4.4702
2392	3	0.80382	-9.1344	-9.5861	-7.464	-1.8496	-10.698	-12.806	-4.8546	-5.3573	-3.9941	0.80382	-9.1344	-4.0768	-2.0201	-7.6287	-18.481	-6.6632	-7.7324	-5.3834	-4.597	0.80382	-9.1344	-6.4333	-7.1239	-4.5415	-12.215	-9.8392	-4.8379	-5.3832	-4.5843
2441	3	-0.10889	-3.5794	0.92096	-6.0584	-13.379	-17.277	1.4521	-8.4425	-3.1177	-4.0976	-0.10889	-3.5794	-3.9723	-12.716	-8.4793	-8.9951	1.3848	-6.8226	-3.053	-3.6865	-0.10889	-3.5794	-11.241	-17.657	-3.056	-0.21618	-4.6782	-2.9373	-3.0248	-3.4964
2445	3	-1.5965	-7.9122	-3.0032	-2.0471	-3.2895	-22.077	-0.19068	-4.5167	-5.12	-5.5835	-1.5965	-7.9122	-7.3559	-11.506	1.7428	-5.9207	-3.6966	0.73388	-5.1074	-3.9133	-1.5965	-7.9122	-3.3854	-9.1334	-0.61046	-11.84	-0.86903	0.41871	-5.1179	-4.3432
2581	3	2.1262	-0.40166	-8.5351	-11.281	-4.8288	-10.219	-1.326	-1.009	2.4818	-2.3113	2.1262	-0.40166	-1.8985	-4.844	-13.043	-24.728	0.038054	-4.8075	1.9821	-7.2593	2.1262	-0.40166	-7.416	-4.566	-7.283	-17.356	0.78532	-1.0185	2.4815	-5.3944
2606	3	-0.44423	-1.556	-4.1364	-1.1824	-9.1742	-13.83	-1.0842	-1.6894	0.26887	-5.2257	-0.44423	-1.556	-9.1016	-2.8902	-4.4763	-8.062	-1.5366	0.052899	0.81708	-3.3513	-0.44423	-1.556	-14.267	-9.6296	-0.70355	-6.0374	-7.5754	0.22548	0.943	-1.3551
2607	3	-1.0226	-2.7175	-9.27	-7.5381	-0.69177	-11.034	-11.62	-6.1217	-5.13	-4.446	-1.0226	-2.7175	-12.763	-11.853	-0.40924	-6.5709	-11.532	-6.1264	-5.0465	-3.7683	-1.0226	-2.7175	-3.4264	-2.0446	-9.7431	-18.958	-5.326	-8.114	-5.2118	-6.8226
2616	3	-0.92567	-2.7495	-10.011	-10.223	-0.38518	-2.645	-5.7036	-0.71412	-3.7199	-4.89	-0.92567	-2.7495	-4.572	-10.095	-6.61	-11.713	-0.7529	-0.71283	-4.2187	-6.2631	-0.92567	-2.7495	-3.694	-5.0448	-7.5396	-15.794	0.057177	-2.4272	-4.2299	-6.2926
2693	3	-2.3822	-3.2571	-9.2201	-11.101	-0.40007	-4.3302	-6.7455	1.4388	0.59682	-2.3401	-2.3822	-3.2571	-1.3995	-3.497	-9.9847	-18.82	-2.0094	-5.0543	-1.6099	-7.1181	-2.3822	-3.2571	-5.5997	-6.253	-1.243	-9.6754	-6.987	1.4339	0.4622	-2.4264
2728	3	-4.9153	-1.7482	-6.8386	-15.692	2.27	-6.8349	-2.7658	-4.1239	-3.1622	-2.4272	-4.9153	-1.7482	0.91946	-6.0573	-6.8626	-20.672	2.1579	-5.6357	-3.5182	-5.6079	-4.9153	-1.7482	-4.7098	-12.917	0.17385	-8.8767	-1.6642	-4.1264	-3.1835	-3.3837
2811	3	-1.6271	-4.9616	-9.9958	-12.846	-2.9796	-1.8359	-5.6974	2.1618	0.43679	-1.5385	-1.6271	-4.9616	-3.4167	-3.0138	-11.215	-18.754	0.64409	-3.8482	0.30754	-3.7412	-1.6271	-4.9616	-4.8477	-7.7931	-4.774	-7.7657	-2.1599	1.8495	0.3432	-3.3083
2875	3	-3.6066	-4.4105	-10.263	0.58895	-8.0808	-16.03	-2.6036	-4.8204	-2.834	-3.9064	-3.6066	-4.4105	-16.453	-5.3362	-3.2862	-10.175	-4.4518	-2.0948	-2.7519	-2.2055	-3.6066	-4.4105	-5.32	1.2845	-12.402	-24.503	-2.388	-6.804	-3.4482	-4.7306
2897	3	-4.1312	-0.044169	-14.846	-12.986	0.63625	-8.6066	0.05491	-3.2504	-1.5566	-0.38283	-4.1312	-0.044169	-5.62	-1.1688	-9.9113	-24.114	2.5554	-8.7408	-1.9504	-2.3604	-4.1312	-0.044169	-6.0819	-9.6883	-4.0279	-12.73	2.4417	-3.1214	-1.7633	-1.2959
2993	3	-1.2297	-3.2661	-12.963	-13.249	-4.1971	-0.55937	-4.8375	0.28352	-3.0224	-4.6949	-1.2297	-3.2661	-5.4892	-1.0833	-15.643	-11.713	-3.3388	-1.1086	-3.5597	-5.2139	-1.2297	-3.2661	-8.3287	-3.3657	-13.4	-7.6465	-2.3636	-1.3604	-3.0241	-4.6973
3073	3	-4.0056	1.5234	-9.1263	-15.043	-1.9023	-1.4509	-4.7479	-2.1494	-4.0792	-1.5339	-4.0056	1.5234	-8.0858	-8.5342	-10.119	-3.1286	-0.75329	-2.6162	-4.0792	-1.5339	-4.0056	1.5234	-4.5244	-3.8777	-9.681	-11.509	-0.75764	-2.3473	-4.0876	-4.421
3076	3	-2.4001	-3.5508	-10.143	-7.8892	0.41875	-10.4	-8.9753	-6.8782	-0.52486	-1.6831	-2.4001	-3.5508	-15.302	-12.914	-1.8166	-7.0839	-8.8728	-7.0485	0.13641	-0.046328	-2.4001	-3.5508	-3.9205	-1.6847	-10.352	-19.89	-3.0737	-11.456	-0.8855	-2.0169
3105	3	-1.7533	-7.2608	-0.75991	-0.63329	-8.7827	-18.695	-1.8951	-3.8513	-3.8913	-0.0077956	-1.7533	-7.2608	-11.618	-11.064	-0.89138	-2.0103	-6.5422	2.1454	-3.2352	3.3197	-1.7533	-7.2608	-7.8111	-11.055	-0.83479	-7.932	-6.5423	2.1454	-3.2352	3.2489
3106	3	-1.7921	-1.3135	-4.6164	-1.3815	-11.793	-13.647	-1.9576	-6.3416	-5.3607	-1.2982	-1.7921	-1.3135	-11.131	-12.26	-3.4473	-1.1382	-6.664	-0.46326	-3.6926	0.5585	-1.7921	-1.3135	-6.7994	-10.256	-6.4443	-4.9193	-0.42054	-1.9287	-3.693	0.54587
3140	3	-1.448	-3.5888	-8.9764	-0.041217	-7.5854	-9.2929	-3.2141	-7.0653	-3.1432	-5.3983	-1.448	-3.5888	-10.227	-9.6838	-1.5528	-3.2995	-6.5754	-4.8901	-3.1432	-5.3983	-1.448	-3.5888	-5.6327	-0.60596	-9.0247	-13.713	-4.316	-9.6688	-4.1831	-8.5484
3208	3	-2.6306	-1.7606	-13.003	-9.624	-4.9439	-8.6051	0.35538	-5.9778	-3.3771	-0.86663	-2.6306	-1.7606	-7.889	-2.3938	-9.1058	-18.708	2.072	-11.533	-3.3772	-1.211	-2.6306	-1.7606	-9.5539	-2.7123	-6.8782	-14.145	1.4491	-10.53	-3.3772	-1.211
3229	3	-0.91453	-4.9504	-5.4258	-9.1691	-1.4523	-11.635	-6.2646	-0.57143	0.18471	-3.7176	-0.91453	-4.9504	-11.947	-14.626	-0.58689	-6.4001	-6.5039	-0.56867	0.18606	-2.706	-0.91453	-4.9504	-2.5099	-2.9694	-7.8958	-23.608	-0.9553	-6.8564	0.18104	-4.1769
3260	3	-4.4621	-0.86664	-3.2048	-6.2163	-9.3571	-13.901	-7.2193	-4.5085	-4.0224	-6.3075	-4.4621	-0.86664	-8.4893	-12.318	1.4608	-8.119	-6.6688	-1.2134	-2.3212	-3.3707	-4.4621	-0.86664	-12.558	-11.268	0.52043	-4.6055	-6.2438	-1.3099	-2.2391	-3.0272
3285	3	-2.224	-6.084	-8.0565	-11.789	-1.8206	-0.50793	-4.0787	0.55316	-2.3289	-3.8031	-2.224	-6.084	-4.4537	-2.477	-9.2782	-14.761	-4.4406	-5.2283	-5.6405	-7.5258	-2.224	-6.084	-5.0296	-9.4273	-6.2707	-6.8429	-2.0763	-2.7206	-2.4466	-3.9675
3295	3	0.12834	-4.9379	-3.2664	-5.2067	-11.696	-17.387	-7.1826	-5.4428	-8.3199	-6.7783	0.12834	-4.9379	-3.4605	-10.319	-6.539	-10.881	-7.6861	-1.7599	-6.3018	-4.9805	0.12834	-4.9379	-6.6268	-10.507	-3.4196	-10.034	-11.56	-0.71347	-4.3417	-4.2825
3372	3	-0.48013	-3.6812	-3.1817	-3.3121	-5.9571	-9.9289	2.1578	-3.1064	-2.6367	-6.8126	-0.48013	-3.6812	-15.639	-15.636	0.46364	-2.7675	-3.1688	-0.64067	-2.6349	-2.8131	-0.48013	-3.6812	-3.6017	-8.5932	-3.4955	-7.7938	2.1215	-1.5069	-2.6364	-3.3438
3438	3	-2.2671	-2.2939	-3.5228	-5.1442	-8.246	-14.04	-7.3511	-6.8759	-5.9142	-8.1768	-2.2671	-2.2939	-15.177	-14.44	-2.6361	-5.6933	-5.1428	-2.1513	-2.1709	-3.5431	-2.2671	-2.2939	-9.8336	-8.359	-2.5801	-8.8304	-5.389	-2.0505	-2.3921	-3.9547
3454	3	-5.4329	-4.6575	-11.669	-3.2414	-2.0462	-5.3218	-3.6519	1.6746	-5.1221	-6.0253	-5.4329	-4.6575	-13.449	-7.0829	3.4616	-0.89481	-3.6519	2.8076	-5.122	-6.0252	-5.4329	-4.6575	-4.635	1.7782	-7.1122	-14.119	-2.5689	-1.4822	-7.0783	-9.7221
3598	3	-0.84596	-4.0747	-10.507	-10.896	3.1269	-5.7036	-10.119	-3.0472	-1.263	-4.6011	-0.84596	-4.0747	0.74172	-1.3033	-8.2583	-16.161	-4.6253	-8.47	-2.2093	-8.7018	-0.84596	-4.0747	0.81767	-7.2814	-2.6086	-11.207	-6.2946	-5.4047	-1.5345	-6.5942
3656	3	-2.9563	-6.0397	-11.056	-1.4967	-1.5111	-15.322	-2.9434	-7.0676	-5.0383	-6.5675	-2.9563	-6.0397	-5.9986	-0.23631	-6.501	-19.296	-0.013508	-10.104	-5.0388	-6.8875	-2.9563	-6.0397	-18.787	-12.465	3.8625	-6.2879	-2.9728	-3.8493	-5.0381	-4.6531
3683	3	-3.2683	-1.6783	-3.7572	1.6754	-12.688	-18.343	-5.2836	0.49914	2.3141	-9.044	-3.2683	-1.6783	-12.232	-9.8785	-1.5882	-3.1087	-11.345	6.0244	2.5121	-2.9232	-3.2683	-1.6783	-10.914	-4.1033	-2.5694	-9.62	-11.519	6.0434	2.4592	-3.0466
3693	3	-1.6551	-3.4488	-7.6256	-3.4835	-11.669	-19.375	0.38572	-9.2308	1.0389	-6.8438	-1.6551	-3.4488	-13.692	-6.7971	-7.1813	-13.782	-2.6728	-3.0905	1.1291	-3.4059	-1.6551	-3.4488	-14.624	-15.456	-3.4533	-6.3117	-5.2225	-3.0819	1.1293	-3.2163
3811	3	-5.0256	-4.4954	-3.4577	-5.6476	-2.7633	-10.984	-6.5552	-1.6662	-1.8832	-5.1392	-5.0256	-4.4954	-5.6889	-9.2816	0.59907	-10.677	-8.4325	-0.8819	-1.7166	-4.3242	-5.0256	-4.4954	-1.0305	-1.7764	-7.2896	-15.18	-3.7701	-4.5186	-2.1287	-6.1101
3855	3	2.4873	-3.6048	-11.618	-7.8602	-1.632	-0.76532	-8.5294	2.2424	1.9415	-4.6386	2.4873	-3.6048	-11.619	-12.312	4.0435	0.88241	-9.4446	2.2635	1.9415	-4.6386	2.4873	-3.6048	0.80234	-1.0319	-4.8625	-11.533	-4.2884	-3.3308	1.7651	-5.0757
3861	3	-2.1813	-5.4725	-4.2971	-6.1161	-7.9677	-11.117	-3.1179	-8.9039	-1.6839	-6.4115	-2.1813	-5.4725	-14.468	-12.157	-4.8176	-3.2561	-4.4122	-3.4823	-1.4876	-5.6271	-2.1813	-5.4725	-3.8357	-0.39892	-11.611	-14.136	-2.8356	-9.1199	-1.685	-6.4154
3914	3	-0.49001	-3.2513	-1.5201	0.59359	-10.986	-19.176	-2.9098	-4.6594	-6.9435	-3.8048	-0.49001	-3.2513	-13.246	-9.7221	0.75857	-2.4191	-3.8609	0.11588	-4.8395	-1.4192	-0.49001	-3.2513	-8.1767	-0.8166	-4.6718	-10.808	-3.1662	0.4319	-6.7806	-3.7629
3950	3	-1.1541	-2.4941	-6.737	-2.9091	-9.734	-15.177	-5.1567	-8.5906	-3.8253	-3.1941	-1.1541	-2.4941	-15.346	-14.071	2.1763	-0.48893	-5.8304	-4.5818	-2.2032	0.53382	-1.1541	-2.4941	-6.7404	-2.9915	-9.7339	-15.012	-5.6228	-8.5792	-3.9491	-3.2361
4164	3	0.10875	-3.1636	-4.641	-1.1149	-7.6041	-14.567	-1.0911	-0.9047	-2.6551	-4.4664	0.10875	-3.1636	-5.1577	-3.253	-5.5536	-9.7594	-0.27983	-0.096312	-1.0726	-3.4956	0.10875	-3.1636	-12.055	-8.1707	-0.30183	-1.2064	-5.4091	-0.033656	-0.81287	-2.9237
4169	3	-2.5154	-5.9997	-13.353	-10.551	-0.027773	-5.3027	-10.886	-5.8257	-2.2521	-3.1102	-2.5154	-5.9997	-2.5401	1.4023	-7.0216	-16.253	-5.587	-4.9812	-4.9915	-8.0807	-2.5154	-5.9997	-6.6423	-5.8416	-1.791	-11.46	-10.733	-5.8848	-2.2527	-4.7998
4184	3	-0.23183	-1.2811	-15.781	-19.354	-0.58995	-1.8847	-6.9744	-2.7846	-4.4494	-4.3321	-0.23183	-1.2811	-5.1271	-8.7935	-9.2453	-11.012	-0.73757	-6.5614	-4.5052	-4.4673	-0.23183	-1.2811	-5.1127	-8.7558	-8.2762	-11.481	-0.90219	-6.084	-4.7948	-5.0301
4190	3	0.16478	-3.7261	-6.8302	-15.012	-0.19976	-1.3122	-3.2204	1.71	-0.4731	-2.1448	0.16478	-3.7261	1.4743	-5.4592	-9.7508	-10.276	1.5326	-1.7739	-0.54615	-2.241	0.16478	-3.7261	-2.1538	-10.755	-4.6001	-7.8518	1.553	1.6335	-0.4731	-2.1448
4228	3	-4.0055	-5.3887	-11.55	-12.839	3.3478	-2.2234	-0.57092	-3.2824	-2.1322	1.134	-4.0055	-5.3887	-0.52808	-2.095	-6.6359	-15.66	1.3612	-9.4387	-2.1609	0.51237	-4.0055	-5.3887	-5.6203	-3.5174	-2.1192	-10.535	0.45812	-7.2034	-2.1334	1.0684
4243	3	-3.2853	-9.1959	-10.984	-14.189	1.207	2.3597	-5.1303	-1.263	-1.9387	-3.3524	-3.2853	-9.1959	-1.2077	-8.5547	-4.6053	-10.346	0.22265	-3.2622	-1.9468	-4.2878	-3.2853	-9.1959	-0.92433	-3.9433	-6.9451	-18.979	0.5819	-6.3827	-2.1165	-5.0641
4261	3	-5.361	-7.3145	-10.1	-3.8527	-3.327	-7.573	-7.8245	-4.0747	-3.7904	-9.1107	-5.361	-7.3145	0.30018	0.29319	-8.8875	-18.638	-5.1928	-8.6229	-3.8354	-14.647	-5.361	-7.3145	-10.362	-9.3392	3.1236	-2.1248	-10.276	-2.3293	-3.7713	-9.0186
4285	3	-2.5939	-1.2427	-8.4213	-6.2401	-3.9086	-15.675	-1.9938	-2.6888	-1.9132	-2.1582	-2.5939	-1.2427	-15.12	-12.618	0.38859	-5.9635	-5.0925	-2.6878	-1.9081	-1.876	-2.5939	-1.2427	-3.9807	-3.0331	-7.8928	-20.005	-0.80266	-5.0925	-1.9132	-2.1582
4383	3	-0.5823	-1.9348	-4.6623	-6.4209	-5.4968	-9.0037	-8.0688	-2.131	-4.9384	-3.128	-0.5823	-1.9348	-4.4006	-0.22841	-9.9336	-16.896	-7.7014	-5.7831	-4.9384	-3.128	-0.5823	-1.9348	-12.758	-12.706	-1.4055	-2.7107	-9.6975	0.7648	-4.4385	0.34955
4448	3	-1.4406	-2.6722	-8.5074	-4.7411	-3.8203	-14.696	-2.3307	-1.2436	-2.3135	-4.9764	-1.4406	-2.6722	-6.4974	0.45873	-10.495	-27.978	-0.63017	-7.7311	-2.3135	-4.9764	-1.4406	-2.6722	-13.837	-10.648	-1.7973	-4.947	-5.3776	-1.283	-2.2739	-4.1073
4537	3	-0.22511	-1.0424	-3.1822	-8.6195	-5.1426	-11.852	-1.7745	-1.662	-5.0364	-4.3376	-0.22511	-1.0424	-12.769	-12.495	0.69084	-1.6064	-4.4842	-0.96234	-4.6476	-3.5926	-0.22511	-1.0424	-4.4257	-1.3771	-10.763	-17.898	-1.1127	-4.8846	-5.6078	-5.2333
4577	3	-1.2885	-3.0901	-3.9393	-4.1353	-9.2006	-26.916	3.012	-13.346	-1.9919	-3.1454	-1.2885	-3.0901	-9.6975	-10.703	-1.3683	-17.41	1.3847	-7.1907	-1.9919	-3.1454	-1.2885	-3.0901	-9.6493	-4.2191	-4.8182	-23.264	1.4959	-7.3361	-1.9919	-3.1454
4622	3	2.0291	0.94299	-4.7441	-9.4804	-5.8418	-9.3263	-6.922	-5.022	-6.5283	-3.4718	2.0291	0.94299	-4.4142	-6.6708	-9.4029	-13.499	-6.4609	-9.1431	-6.5639	-4.0221	2.0291	0.94299	-6.6801	-13.173	-1.2778	-8.8548	-8.7698	-5.0672	-6.1945	-2.0306
4653	3	-1.8738	-6.2816	-15.101	-12.764	-1.0966	-6.8957	-12.089	-0.47746	-3.6088	3.8207	-1.8738	-6.2816	-6.0816	-6.1631	-10.072	-12.423	-6.518	-6.7967	-3.9886	-0.56643	-1.8738	-6.2816	-9.7798	-6.8884	-6.4858	-9.8311	-11.527	-4.1603	-3.6088	3.506
4694	3	-1.251	-2.8742	-13.208	-15.504	-1.9695	-4.0503	-5.7319	-3.8843	-2.1161	-4.4056	-1.251	-2.8742	-2.824	-4.3862	-9.7768	-10.598	-2.1785	-4.0869	-2.764	-5.381	-1.251	-2.8742	-5.2087	-4.4433	-7.2446	-10.093	-2.3387	-3.7356	-2.5844	-4.9644
4714	3	-4.3503	-8.0163	-4.4868	-4.0366	-11.471	-20.923	-0.79125	-0.59058	-2.5729	-4.6348	-4.3503	-8.0163	-7.7196	-9.9461	-2.1603	-11.335	-3.2528	4.9513	-1.8284	-4.1512	-4.3503	-8.0163	-11.093	-14.3	-0.79342	-2.4677	-3.7746	4.1866	-0.76747	-3.5586
4721	3	-7.3147	-6.6207	-9.7419	-8.2132	0.98018	-3.3966	-11.296	-0.56121	-2.2417	-2.2447	-7.3147	-6.6207	-5.8732	1.182	-8.5399	-8.6441	-7.694	-6.4945	-3.2202	-3.029	-7.3147	-6.6207	-3.2216	1.1786	-10.238	-13.674	-7.7479	-6.7209	-3.4604	-3.2365
4760	3	-3.4947	-3.4914	-2.275	-3.5471	-4.9401	-19.784	0.12184	-0.69377	-2.8667	-0.37282	-3.4947	-3.4914	1.8821	-3.2691	-6.9259	-25.884	0.3089	-4.2483	-2.8669	-0.37733	-3.4947	-3.4914	-6.4453	-13.934	-0.81786	-4.6686	-5.0206	-0.63293	-2.8377	1.0221
4768	3	-0.86835	-3.7367	-12.857	-9.3237	0.78932	-5.4526	-6.7318	-1.6909	-4.7498	-3.9359	-0.86835	-3.7367	-4.7261	-4.9047	-7.5161	-17.84	-7.7596	-4.3897	-7.1619	-6.6055	-0.86835	-3.7367	-7.4242	-1.5641	-3.1079	-11.046	-4.2335	-1.5713	-5.1623	-4.156
4802	3	-2.1804	-2.5129	-10.559	-12.819	-0.037462	-3.2421	-10.274	-9.0484	-3.7118	-4.354	-2.1804	-2.5129	-5.1194	-2.847	-9.6554	-12.062	-5.155	-13.556	-4.4324	-5.93	-2.1804	-2.5129	-8.896	-7.4961	0.14318	-6.9769	-10.625	-8.8288	-4	-5.3268
4823	3	0.30248	-3.6462	2.9385	-4.7188	-8.6678	-10.739	-2.4821	-5.9455	-3.5577	-2.9868	0.30248	-3.6462	-5.5139	-11.925	-2.8222	-4.1402	-1.8408	-2.6714	-2.0484	-0.261	0.30248	-3.6462	-2.2769	-7.1079	-4.3272	-9.6359	-1.6619	-3.2446	-2.2599	-1.0145
4859	3	-0.43802	-1.6669	-2.319	-4.1839	-11.103	-15.084	1.6264	-3.196	-3.602	-4.0939	-0.43802	-1.6669	-4.7682	-9.2944	-5.9693	-9.8637	-0.77677	-0.64279	-3.5972	-3.3178	-0.43802	-1.6669	-9.4928	-14.576	-4.3061	-6.5131	-2.0627	-0.64119	-3.596	-1.1717
4874	3	-0.7216	-5.041	2.5888	-4.8684	-6.7127	-12.872	-6.7888	-4.2884	-4.6502	-6.5184	-0.7216	-5.041	2.6043	-6.0417	-5.4747	-10.176	-6.7915	-2.4358	-4.6432	-6.4669	-0.7216	-5.041	-7.5043	-10.717	-0.22938	-4.8609	-9.5896	-0.8349	-3.7905	-5.4232
4915	3	-5.5948	-6.7961	1.1022	-4.6713	-5.7924	-11.166	-1.1242	-0.45779	-1.1066	-2.9133	-5.5948	-6.7961	-7.5781	-10.76	-3.1979	-2.3847	-3.1302	-0.41394	-1.083	-2.5203	-5.5948	-6.7961	1.7142	1.579	-10.303	-16.929	-3.0577	-5.9236	-3.0733	-4.833
4931	3	-2.7534	3.4006	-3.1809	-5.1835	-9.5205	-20.578	-2.2578	-5.5895	-4.35	-7.6978	-2.7534	3.4006	-15.836	-13.037	-0.92185	-2.5274	-8.7775	-1.1371	-3.4988	-6.1098	-2.7534	3.4006	-11.378	-4.1068	-5.6136	-9.7008	-4.1679	-1.1368	-3.5008	-6.1133
4977	3	1.1629	-1.046	-10.663	-9.4689	-10.533	-4.2432	-1.7311	-4.7501	-6.1318	-3.3323	1.1629	-1.046	-13.151	-13.943	-5.2292	-3.4699	-3.8195	-2.3492	-6.0908	-3.3233	1.1629	-1.046	-9.3179	-4.9739	-9.6287	-7.1181	-1.9509	-1.5195	-7.596	-3.719
5016	3	-1.5805	-2.5418	-12.5	-11.954	-0.47454	-6.0449	-2.6408	-1.2606	-4.2293	-2.0112	-1.5805	-2.5418	-2.7606	-3.2707	-8.0046	-16.508	0.24919	-3.3573	-5.2175	-5.6847	-1.5805	-2.5418	-6.8832	-4.5753	-5.1163	-12.109	0.15203	-0.486	-4.7347	-5.3464
5048	3	-3.5515	-7.5859	-7.0554	-7.1718	-9.2073	-7.6133	5.2658	-1.1842	-2.9039	-0.33263	-3.5515	-7.5859	-13.604	-13.509	-0.96194	0.32956	-0.85553	-0.57489	-2.9022	-0.32736	-3.5515	-7.5859	-4.4358	-4.1159	-11.312	-13.444	4.264	-0.41321	-4.7717	-3.8932
5079	3	0.51363	-5.0076	-13.602	-2.8378	-6.2582	-11.347	-5.2569	-0.9556	-2.5413	-5.91	0.51363	-5.0076	-5.5067	-1.9954	-12.697	-15.853	-4.4827	-1.5481	-3.0131	-8.2109	0.51363	-5.0076	-16.162	-9.704	-0.84628	-5.7345	-7.6721	3.1318	-1.8837	-5.6211
5205	3	-4.5904	-5.7556	-11.521	-13.715	0.49919	2.0264	-6.1381	-3.0907	-0.92505	-1.4547	-4.5904	-5.7556	-6.2609	-7.5012	0.23225	-5.0525	-5.9536	-3.0782	-0.93196	-1.5213	-4.5904	-5.7556	0.19536	-0.96897	-7.27	-17.022	-0.98234	-8.5973	-0.93474	-1.547
5260	3	-2.8143	-3.9808	-22.443	-16.488	-0.6898	-7.9166	-8.4244	-3.664	-4.3139	1.2683	-2.8143	-3.9808	-11.587	-11.208	-7.123	-9.5269	-6.1298	-7.9839	-4.7057	-0.91434	-2.8143	-3.9808	-10.864	-6.1887	-10.804	-11.82	-7.5435	-7.8391	-5.3271	-3.3381
5281	3	-3.6618	-4.3529	-9.0209	-4.3526	1.7015	-9.3919	-5.2567	-3.2861	-6.0765	-4.1103	-3.6618	-4.3529	-3.9882	-2.5379	-4.542	-18.088	-1.3568	-7.2394	-6.4116	-7.0714	-3.6618	-4.3529	-15.186	-10.168	5.5268	-0.82362	-5.595	-3.4275	-5.7719	-3.0271
5290	3	-0.82856	-4.3163	-9.9898	-11.108	-3.8858	-10.065	-3.6525	-3.1916	-1.502	-0.88575	-0.82856	-4.3163	-6.9005	-6.0046	-6.3194	-14.896	-2.273	-1.9145	-4.5322	-4.1025	-0.82856	-4.3163	-1.8159	-5.9224	-11.054	-19.048	-1.8732	-6.4985	-4.5559	-4.24
5298	3	-1.4536	-1.3171	-16.619	-14.459	1.6311	-0.33616	-9.8605	2.653	-2.7534	-2.5797	-1.4536	-1.3171	-5.9281	-6.5408	-6.0071	-8.1523	-4.6655	-2.3964	-3.3655	-2.9616	-1.4536	-1.3171	-5.9209	-6.502	-6.0478	-8.4906	-4.588	-2.4211	-3.3387	-3.1392
5317	3	-3.257	-4.0036	-8.165	-13.134	0.22638	-4.3001	-3.216	1.0501	-2.8528	2.7612	-3.257	-4.0036	-0.147	-7.3343	-5.0798	-9.5381	1.8224	-0.59805	-3.2429	1.7521	-3.257	-4.0036	-0.094332	-1.0419	-7.908	-19.439	1.7128	-4.1776	-4.22	-0.81814
5382	3	-0.87806	-4.4468	-14.354	-11.504	-2.9079	-4.3297	-9.4795	-0.43114	-2.7269	0.66054	-0.87806	-4.4468	-5.7583	-2.0936	-8.5914	-11.669	-7.4585	-3.0005	-3.1927	-1.6125	-0.87806	-4.4468	-8.3822	-2.6441	-7.7996	-9.2323	-7.4252	-3.0905	-2.8437	-0.10116
5392	3	-3.1294	-3.4347	-12.608	0.012218	-7.2537	-10.244	-7.4665	-6.9633	-5.9863	-4.4659	-3.1294	-3.4347	-5.7036	-0.22215	-11.802	-14.008	-7.4823	-7.0892	-6.5643	-5.7053	-3.1294	-3.4347	-16.866	-5.1058	-1.2705	-9.8637	-12.729	-0.91251	-5.6807	-3.6013
5405	3	-3.4178	-1.2392	3.3641	-6.1725	-12.671	-14.109	-2.7923	-5.7168	-5.6055	-4.421	-3.4178	-1.2392	-2.7724	-7.4134	-12.121	-8.5074	-2.0885	-5.8282	-5.2133	-1.78	-3.4178	-1.2392	-6.3312	-12.211	-5.358	-3.107	-2.1524	-0.68183	-5.2128	-1.7757
5408	3	-3.5039	-6.9451	-2.7741	-5.4551	-13.152	-18.397	-0.14851	-7.1796	-4.7048	-6.3786	-3.5039	-6.9451	-2.9569	-11.218	-6.6558	-12.613	-0.15031	-7.1723	-4.7048	-6.3543	-3.5039	-6.9451	-9.1428	-13.249	-2.5778	1.072	-2.3783	-2.7119	-3.9126	-2.9401
5442	3	0.21246	-3.1149	-8.4901	-1.8515	-6.0202	-15.392	1.5091	-8.8069	-3.0988	-5.1621	0.21246	-3.1149	-4.5059	-0.88739	-8.5858	-18.855	1.6114	-11.658	-3.0988	-5.1621	0.21246	-3.1149	-12.23	-13.692	-1.4511	-6.4628	-4.6899	-5.6526	-2.8185	-2.2514
5482	3	-2.5053	0.49102	-16.255	-13.029	-1.6978	-5.3965	-5.7082	-1.0738	-2.4378	-2.9883	-2.5053	0.49102	-6.95	-3.9516	-7.2485	-16.518	-8.0768	-6.6388	-5.936	-7.6184	-2.5053	0.49102	-16.863	-8.0067	-2.5688	-9.619	-5.8252	-0.86651	-2.9029	-3.5182
5485	3	-2.7919	-1.3092	-6.2977	-0.89403	-9.6068	-18.33	-0.47267	-4.0028	-4.4217	-7.8858	-2.7919	-1.3092	-15.322	-7.5985	-0.81836	-4.4615	-5.2445	-2.2346	-2.7268	-4.1628	-2.7919	-1.3092	-14.715	-3.2278	-3.5123	-9.9338	-4.0675	1.7852	-4.275	-5.9653
5516	3	-2.9464	-1.854	0.38067	-2.3096	-7.6983	-20.509	1.0989	-6.5571	-5.2294	-6.0886	-2.9464	-1.854	-8.7462	-11.217	-1.4342	-1.7521	-5.0393	-2.2337	-4.7866	-2.967	-2.9464	-1.854	-1.3399	-9.7557	-4.4086	-9.2111	-2.9359	-2.2882	-4.7866	-2.9677
5556	3	0.37197	-1.6118	-11.124	-8.3451	-2.4447	-6.3611	-6.1165	2.5221	-3.8864	-2.4141	0.37197	-1.6118	-4.815	-2.226	-11.774	-17.594	-3.3391	-3.898	-3.9303	-3.2891	0.37197	-1.6118	-7.7514	-3.2518	-4.529	-9.1035	-5.368	2.1577	-3.8989	-2.8986
5596	3	-3.2326	0.11183	-16.909	-11.422	-1.8998	2.094	-4.6737	-3.1155	-0.51047	-3.0582	-3.2326	0.11183	-15.155	-7.206	-5.6047	-7.8022	-2.4249	-4.8454	-1.4366	-5.5713	-3.2326	0.11183	-6.1759	-1.1494	-9.6723	-15.85	-1.7214	-6.6597	-2.169	-8.1709
5641	3	0.72694	-4.233	-6.7987	0.27056	-4.6814	-14.565	-0.28008	-3.9222	-4.7554	-4.456	0.72694	-4.233	-12.692	-8.1743	2.4507	-2.642	-4.8494	-0.64509	-4.1127	-2.9416	0.72694	-4.233	-9.4952	0.77476	-3.6445	-11.708	0.43035	-2.849	-4.4027	-3.684
5712	3	-6.1298	-5.0384	-8.2465	-8.5813	-9.148	-5.2613	-1.5522	-7.7861	-1.9762	-1.9148	-6.1298	-5.0384	-11.58	-14.04	-5.0074	-0.8653	-3.546	-2.2993	-1.9762	-1.8996	-6.1298	-5.0384	-3.7375	-3.4251	-10.378	-9.1174	-1.5538	-7.7824	-1.9835	-3.1718
5753	3	-0.11375	-1.7106	-3.8766	-9.5957	-8.4329	-11.903	-5.2294	-6.2614	1.0094	-4.8867	-0.11375	-1.7106	-13.828	-14.226	-2.8258	-2.5083	-7.1746	-4.3628	1.0185	-4.0607	-0.11375	-1.7106	-3.8755	-6.2037	-10.733	-19.737	-4.3977	-8.6085	-0.35791	-8.5381
5755	3	-0.51727	-0.93275	-5.1278	-9.1185	-3.8796	-12.402	-7.3879	-3.7773	-1.8206	-1.1218	-0.51727	-0.93275	-2.6912	-5.153	-8.6119	-21.332	-3.2352	-9.2825	-1.8206	-1.1218	-0.51727	-0.93275	-8.4962	-9.378	0.048735	-12.12	-7.388	-3.7772	-1.8206	-1.1218
5806	3	-1.38	-4.628	-7.3534	0.90688	-11.476	-10.316	-11.451	-0.69254	-6.5764	-4.9993	-1.38	-4.628	-5.5835	1.3312	-11.498	-13	-11.511	-0.68645	-6.8498	-6.3816	-1.38	-4.628	-13.343	-10.149	-0.38428	-1.2098	-14.052	1.6701	-6.5735	-4.5577
5866	3	-4.9874	-5.7312	3.5582	-0.93321	-7.9347	-17.233	-0.016803	-3.0015	-3.2332	-2.7444	-4.9874	-5.7312	-7.9516	-8.2582	0.88926	-2.4261	-4.3031	-0.30351	-3.2243	-0.80926	-4.9874	-5.7312	-2.3014	-2.7004	-4.4482	-10.803	-4.309	-0.90845	-3.2326	-1.5685
5872	3	-0.2039	-3.9615	-7.8647	-9.7931	-2.1408	-11.863	-0.76173	-5.7703	-2.617	-3.3965	-0.2039	-3.9615	-12.66	-15.823	4.1875	-4.4915	-3.117	-5.771	-1.506	-2.592	-0.2039	-3.9615	-5.9196	-5.9315	-5.54	-15.585	-1.4838	-5.5467	-4.8995	-5.2895
5931	3	-6.2676	-9.1212	-1.3726	-8.3218	-8.6486	-15.24	-3.1546	-4.5116	-5.5362	-3.519	-6.2676	-9.1212	1.5978	-12.196	-6.4169	-10.12	-4.1747	0.97053	-3.7562	-3.0087	-6.2676	-9.1212	-6.8225	-15.147	-2.1286	-2.9626	-8.4745	0.83219	-1.8263	-2.2613
5937	3	-4.6936	-6.2228	-11.201	-10.36	5.2827	-1.4494	-0.23776	0.13795	0.54759	-1.3443	-4.6936	-6.2228	-7.4601	0.94159	-0.27194	-6.7678	-1.7706	-0.048809	0.15958	-1.8153	-4.6936	-6.2228	0.17494	1.7683	-4.4468	-16.626	-3.908	-5.308	-0.55337	-3.9925
5978	3	-0.39304	-3.3022	-17.841	-12.349	-3.4614	-1.3357	-5.2084	-4.2716	1.7696	-1.7524	-0.39304	-3.3022	-7.5931	-4.0961	-12.923	-18.435	-0.13374	-7.424	-0.12451	-5.7287	-0.39304	-3.3022	-13.737	-4.104	-7.1017	-13.567	-0.25361	-6.7074	0.79153	-4.2494
6001	3	0.16899	-4.1605	-5.3125	-10.649	-10.058	-6.1749	-3.3048	-6.4023	-2.792	-3.4632	0.16899	-4.1605	-1.4232	-5.3512	-14.32	-11.613	-3.3488	-7.795	-3.212	-4.146	0.16899	-4.1605	-11.667	-15.243	-5.3209	0.94969	-8.8533	-4.0609	-2.7915	-3.4622
6094	3	-3.8696	-3.5416	-7.9218	-6.4852	-3.8003	-10.501	-2.5535	-1.9327	0.83793	0.16079	-3.8696	-3.5416	-8.8922	-8.3102	-4.1029	-8.3157	-2.4088	-2.2163	1.1502	0.56873	-3.8696	-3.5416	-10.257	-12.118	-0.41759	-7.6115	-2.5643	-2.2168	1.1506	0.56972
6099	3	-3.9293	-2.6087	-2.3438	-3.3689	-9.9831	-12.164	-1.3137	-4.5871	-3.4519	-1.3796	-3.9293	-2.6087	-14.316	-13.106	0.50186	-0.97501	-5.8455	1.6383	-3.3944	1.3743	-3.9293	-2.6087	-2.4709	-9.6387	-5.2321	-8.2979	-1.8277	-1.355	-3.3946	0.65037
6141	3	-0.85366	-1.9633	-6.259	-10.805	-0.97582	-12.862	-3.3818	-0.20712	1.373	-2.9002	-0.85366	-1.9633	-9.2734	-13.217	1.31	-10.904	-3.3892	-0.67117	1.9707	0.059271	-0.85366	-1.9633	-3.5484	-8.0872	-3.6622	-14.283	0.50221	-0.92441	0.84591	-4.1712
6168	3	2.3293	-3.0827	-2.0442	-1.6141	-12.583	-23.007	1.4344	-10.877	-2.8147	-7.0817	2.3293	-3.0827	-12.792	-13.566	-2.9137	-5.901	-4.4274	-5.3305	-2.5606	-3.6956	2.3293	-3.0827	-8.4607	-7.0791	-2.7754	-13.341	-4.5482	-5.3145	-2.6687	-5.2551
6201	3	-1.0893	-5.7229	0.84556	-3.8334	-6.5682	-20.077	-2.0264	-1.8412	-2.5134	-6.8213	-1.0893	-5.7229	-7.7245	-16.559	1.7607	-8.2681	-5.5754	0.93161	-2.2542	-4.1505	-1.0893	-5.7229	-1.285	-9.4755	-1.609	-12.212	-5.4519	1.5471	-2.4148	-4.5113
6260	3	-1.7774	-4.0011	-8.2861	-11.234	-8.6746	-1.6471	-4.1969	1.1387	-5.004	-1.8815	-1.7774	-4.0011	-3.5158	-2.139	-13.311	-11.339	-3.1129	-4.9922	-5.4659	-4.3515	-1.7774	-4.0011	-12.671	-12.265	-2.7995	-1.361	-8.3249	1.4296	-5.004	-1.8815
6272	3	-1.8855	-4.0225	-1.6789	-9.0929	-4.5041	-18.836	-3.6098	-5.7859	-2.5948	-2.9775	-1.8855	-4.0225	-8.2858	-9.4163	1.518	-10.737	-9.2351	-5.7838	-2.391	-2.8658	-1.8855	-4.0225	-1.6252	-4.5681	-9.3204	-20.412	-3.5952	-6.8775	-2.5948	-2.9775
6318	3	-0.35453	-1.8036	-10.028	-3.241	-9.7732	-12.515	-3.9845	-6.0361	-2.3022	-5.3244	-0.35453	-1.8036	-4.5322	-3.058	-12.653	-18.922	-3.9845	-6.0643	-2.3022	-5.3286	-0.35453	-1.8036	-17.257	-9.0865	-4.2176	-0.089927	-10.444	-0.8603	-2.3022	-4.624
6326	3	-2.045	-3.7737	-5.6079	-6.4364	-7.1917	-2.5764	-3.6131	-9.5036	-1.7263	-0.88969	-2.045	-3.7737	-0.10155	-2.5817	-10.257	-11.1	-9.5598	-6.5369	-4.8535	-6.4802	-2.045	-3.7737	-8.1555	-11.399	-1.2594	-0.74234	-9.9756	-3.8708	-1.7263	-0.88968
6327	3	-4.9339	-2.5911	-11.148	-8.8526	-1.8426	-1.2055	-10.289	-2.4242	-2.5968	2.8434	-4.9339	-2.5911	-7.1778	-4.5054	-8.3885	-3.8262	-4.6668	-5.9619	-2.5969	2.8416	-4.9339	-2.5911	-3.016	1.5464	-10.097	-9.4364	-5.8007	-5.6563	-3.3566	1.1775
6342	3	-2.6367	-5.2028	-5.0199	-9.6888	-0.77617	-0.41626	-0.42125	1.3795	-2.1469	-6.8419	-2.6367	-5.2028	2.7515	-1.9325	-7.4743	-10.602	0.69183	1.7228	-2.2812	-7.7605	-2.6367	-5.2028	1.0063	-4.7409	-7.5996	-5.6561	0.97718	1.3791	-2.1469	-6.842
6377	3	-0.60273	-1.7882	-10.81	-6.577	-10.567	-12.675	0.010402	-5.9776	-4.721	-5.4005	-0.60273	-1.7882	-14.117	-9.9088	-7.1673	-11.114	-0.72062	-1.1227	-3.7476	-4.0786	-0.60273	-1.7882	-18.878	-13.487	-6.2917	-6.4959	-4.6042	-1.1205	-3.7385	-2.9031
6388	3	0.80055	-4.8742	-10.723	-9.558	-0.63476	-1.3887	-8.8207	-3.8097	-2.6988	-2.9133	0.80055	-4.8742	-0.22	0.57065	-9.4789	-17.987	-2.4334	-7.0917	-2.7084	-3.0044	0.80055	-4.8742	-6.4191	-0.6808	-6.3717	-9.3247	-3.4455	-4.6991	-2.7083	-3.004
6425	3	-1.6045	-3.8681	-9.6846	-11.717	0.33039	-2.1338	-5.3931	-2.0789	-3.444	-3.5263	-1.6045	-3.8681	0.9556	-2.2485	-11.013	-19.32	-1.3871	-7.9589	-3.9354	-5.5018	-1.6045	-3.8681	-0.029898	-6.7711	-5.3299	-10.292	-3.0333	-1.7621	-3.7197	-4.8107
6430	3	-0.56299	-2.5799	6.5904	-1.2575	-11.129	-24.61	1.1627	-7.4771	-2.2123	-5.6816	-0.56299	-2.5799	4.3638	-7.4343	-4.8539	-11.947	-0.68263	-1.8267	-2.2123	-5.6813	-0.56299	-2.5799	-4.1297	-10.233	-0.64881	-6.8471	-2.2301	-2.537	-1.8767	-3.6868
6458	3	-3.0276	-4.1148	-4.8549	-12.062	-8.8562	-3.4275	1.6069	0.29795	-3.231	-1.7584	-3.0276	-4.1148	-9.8772	-18.464	-3.5215	0.13369	-0.13987	1.1342	-3.2283	-1.7496	-3.0276	-4.1148	-4.5896	-7.8706	-12.618	-5.865	1.2071	-4.1694	-3.5225	-2.4806
6594	3	-1.6448	-3.201	-7.1348	-11.439	3.9072	-6.3194	-9.6671	-6.1679	-0.23064	-1.3104	-1.6448	-3.201	0.066177	-6.0538	-2.2506	-10.736	-4.5902	-10.159	-0.23248	-3.1977	-1.6448	-3.201	0.56888	-2.1878	-5.9522	-14.909	-4.5881	-10.043	-1.3385	-5.7125
6662	3	-0.17372	-2.9801	-9.0568	-13.655	-3.3585	-7.2011	-9.4326	-0.70104	-1.2984	-1.9486	-0.17372	-2.9801	-0.14577	-6.0196	-12.004	-16.123	-3.9762	-3.2968	-4.0508	-5.9768	-0.17372	-2.9801	-5.7393	-8.0928	-2.987	-9.2412	-9.6833	-0.13972	-1.5409	-2.974
6684	3	0.19137	-0.98595	-14.877	-11.79	-3.199	0.64797	-2.2696	-0.66606	-3.8681	0.65306	0.19137	-0.98595	-3.6168	-3.1062	-10.104	-11.863	-0.065795	-6.3092	-4.0547	-1.5297	0.19137	-0.98595	-3.5878	-6.7499	-7.0672	-11.823	-0.063359	-6.2397	-4.0393	-1.5019
6706	3	-2.4629	-0.59577	-6.0001	-9.2183	-6.944	-12.239	-4.3488	-11.596	-2.08	-5.2422	-2.4629	-0.59577	-4.6677	-4.3316	-13.117	-16.744	-0.52493	-11.766	-3.1685	-8.1395	-2.4629	-0.59577	-13.874	-12.297	-3.3848	-7.0055	-5.3848	-8.2722	-1.659	-4.169
6840	3	0.47744	-2.1086	-10.961	-1.7596	-1.5421	-6.8273	-5.142	-4.6045	-3.6571	-7.2254	0.47744	-2.1086	-15.471	-9.005	4.6974	2.6018	-4.1151	-1.5663	-3.3005	-4.2343	0.47744	-2.1086	-6.5227	2.399	-3.2033	-11.654	-5.9776	-4.2268	-3.8635	-9.9481
6887	3	-0.71212	-6.8058	-2.4703	-4.6635	-10.932	-13.367	-4.9532	-3.8465	-3.6456	-2.2157	-0.71212	-6.8058	-8.7203	-15.878	-2.1324	-2.5156	-9.9245	0.14679	-3.3755	-1.5832	-0.71212	-6.8058	-3.5132	-6.5737	-11.423	-8.9603	-4.3437	-3.9271	-3.3765	-1.5911
6888	3	3.0854	-2.1608	-6.0287	-1.5708	-13.706	-20.421	1.5256	-12.297	-1.3433	-4.4254	3.0854	-2.1608	-12.295	-2.3321	-8.0754	-14.553	0.82556	-6.897	-1.1612	-3.4139	3.0854	-2.1608	-12.898	-9.6798	-5.9827	-8.6221	-3.1311	-6.4449	-1.1537	-1.5204
6923	3	1.3477	-3.2616	-11.595	-16.319	-2.3007	-1.0932	-7.5926	-2.4038	-3.0627	-1.128	1.3477	-3.2616	-2.8375	-6.6338	-7.6514	-17.248	-2.5911	-8.3773	-3.0719	-3.1971	1.3477	-3.2616	-3.0527	-13.846	-6.1307	-8.7349	-4.9785	-5.3508	-3.0628	-1.8428
6972	3	-0.37533	-4.5457	-4.1795	-4.0829	-11.06	-18.69	-0.83827	-10.105	-2.2628	-4.6689	-0.37533	-4.5457	-11.805	-14.766	-1.1405	-4.8083	-7.1317	-5.4225	0.061692	-3.0625	-0.37533	-4.5457	-5.0115	-9.1483	-6.8518	-18.491	-1.2613	-4.3047	-2.2628	-4.6689
6994	3	0.030836	-4.8474	-4.9616	-0.79169	-11.502	-17.431	-2.762	-3.9966	-5.4913	-8.1854	0.030836	-4.8474	-8.6098	-6.0526	-5.9164	-11.289	-4.0469	1.4045	-4.79	-5.2778	0.030836	-4.8474	-14.246	-9.3424	-3.9714	-7.2686	-8.0525	2.0152	-4.7212	-4.1952
6995	3	-2.7743	-4.2393	-14.95	-10.728	0.27393	2.8491	-9.49	-1.0671	-4.2706	-3.6155	-2.7743	-4.2393	-13.951	-1.4474	-5.3401	-3.9099	-5.015	-3.4256	-4.4256	-3.7732	-2.7743	-4.2393	-3.4553	-0.65503	-8.1107	-8.6427	-5.7138	-5.9588	-6.4036	-5.6778
7006	3	-1.2082	-2.6277	-8.8456	-4.1274	-6.8855	-7.2647	-3.7608	-4.0624	-2.0917	0.98145	-1.2082	-2.6277	-9.1241	-7.6229	-6.891	-2.1139	-3.7602	-4.0633	-2.0911	0.98332	-1.2082	-2.6277	-11.704	-12.192	-1.2637	-0.91785	-9.485	-2.794	-2.0911	0.98332
7014	3	-2.8739	-2.9945	-1.1151	-9.7603	-7.3465	-19.655	-2.7705	-2.8695	-4.8038	-5.5804	-2.8739	-2.9945	-10.381	-9.6922	-3.3286	-11.147	-4.2594	-3.0642	-4.6202	-4.2172	-2.8739	-2.9945	-0.79326	-3.8269	-13.062	-21.42	-0.029932	-9.176	-4.8038	-5.5804
7027	3	0.45289	3.143	-6.2679	-8.6988	-8.5276	-5.2251	-4.8069	-10.447	-6.2562	-3.6579	0.45289	3.143	-12.24	-8.8302	-4.4436	-2.4284	-5.3026	-6.8635	-6.2562	-3.6454	0.45289	3.143	-1.2637	-2.5617	-13.711	-12.13	-4.9021	-10.497	-6.2811	-5.9399
7053	3	0.49259	-2.6422	-9.812	-3.4511	-7.9724	-10.753	-4.6481	-4.4171	-5.8445	-6.8929	0.49259	-2.6422	-9.8917	-3.4785	-7.9745	-10.407	-4.6523	-4.204	-5.8545	-6.7579	0.49259	-2.6422	-15.333	-9.3777	-2.5355	-9.4932	-6.9487	-5.6811	-3.0835	-5.6546
7055	3	-1.8441	-6.343	-6.5842	-13.541	4.6094	-6.5439	-5.2713	-0.88442	0.075097	-0.15033	-1.8441	-6.343	1.3761	-7.3009	-1.5042	-17.696	-1.387	-2.8005	-1.3763	-2.6444	-1.8441	-6.343	1.4767	-2.2564	-4.8858	-26.36	-0.1031	-7.304	-1.3763	-2.6444
7073	3	-3.604	-1.2738	-13.176	-10.019	-4.1059	-11.099	0.54157	0.26812	-3.3891	-1.402	-3.604	-1.2738	-8.1944	-9.7416	-7.5758	-16.41	1.9754	-4.1521	-3.4209	-1.6896	-3.604	-1.2738	-8.1817	-5.4098	-8.815	-19.127	2.1387	-4.1552	-3.4209	-1.6896
7076	3	-4.7359	-3.3981	-2.882	-0.57997	-3.647	-20.394	2.1504	-8.3896	-2.6466	-7.7148	-4.7359	-3.3981	-10.127	-5.2991	2.9662	-4.9928	-0.36766	-3.1974	-2.6379	-7.1999	-4.7359	-3.3981	-11.548	-7.0144	6.6439	-2.4988	-0.36647	-3.2032	-2.6341	-6.3378
7115	3	-1.936	-4.6683	-2.0072	-2.0503	-11.142	-27.426	0.052341	-4.5324	-7.4415	-8.0044	-1.936	-4.6683	-8.8626	-12.003	0.84453	-5.7549	-5.8718	0.2045	-7.4028	-5.5761	-1.936	-4.6683	-8.3003	-8.8362	-0.73216	-10.804	-5.8709	0.21517	-7.4375	-6.6603
7119	3	-1.2332	-4.5518	-0.96829	-0.44873	-11.383	-17.015	-1.0176	-9.3722	-1.9824	-2.8424	-1.2332	-4.5518	-6.6585	-0.63014	-6.3634	-8.933	-4.5455	-8.6248	-1.9419	-1.4956	-1.2332	-4.5518	-10.857	-9.6258	-1.8551	-3.3299	-7.6235	-2.9696	-1.9311	-0.018937
7150	3	-6.5602	-4.0381	-11.388	-14.178	-1.2467	-1.0479	-9.524	1.0602	-6.3508	-4.9867	-6.5602	-4.0381	-5.9925	-8.455	-5.955	-1.7975	-7.5762	1.0523	-6.3508	-4.9867	-6.5602	-4.0381	1.4904	-2.4504	-10.617	-13.448	-4.6515	0.45354	-6.3576	-6.5429
7167	3	4.1845	-2.8785	-10.569	-8.9059	0.61107	-1.3674	-5.342	-5.2088	-1.8722	-2.8772	4.1845	-2.8785	-0.67205	0.62261	-9.1919	-18.691	0.50481	-11.396	-2.417	-5.1229	4.1845	-2.8785	-1.2793	-5.2627	-4.5388	-14.884	-0.081221	-10.367	-2.417	-5.1229
7192	3	0.23406	-2.6963	-4.657	-6.0155	-12.14	-8.7038	-0.9893	-8.0174	-2.4223	-3.1005	0.23406	-2.6963	-10.79	-6.5549	-6.9343	-5.4837	-0.99508	-3.3116	-2.4223	-2.8185	0.23406	-2.6963	-6.655	-6.2123	-11.089	-7.9297	-0.9893	-8.0171	-2.4223	-2.8356
7224	3	0.063778	-0.23356	-5.2084	-2.3942	-4.0069	-18.064	-3.1927	0.93334	-2.663	-5.7067	0.063778	-0.23356	0.29671	-0.78706	-8.2475	-24.224	1.2663	0.3891	-2.663	-5.7067	0.063778	-0.23356	-5.209	-7.0874	0.053435	-12.378	-3.1926	1.012	-2.6628	-5.6877
7284	3	0.64077	-2.7874	-10.577	-13.77	-2.9367	-6.8371	-7.9276	-2.3045	-2.2727	-2.6952	0.64077	-2.7874	-0.48566	-6.8458	-8.9154	-14.825	-4.6003	-5.2077	-3.5658	-6.8574	0.64077	-2.7874	-1.3001	-10.898	-5.5562	-11.844	-4.502	-2.3569	-2.3826	-3.6802
7287	3	-2.8179	-3.9094	-8.7685	-10.467	-2.3555	-8.7774	-8.5353	-6.7849	0.019854	-0.80289	-2.8179	-3.9094	-5.3325	-4.1077	-7.798	-12.622	-3.7779	-5.8633	-1.2076	-5.0521	-2.8179	-3.9094	-12.116	-12.965	-4.2489	-7.6944	-8.5298	-6.9608	0.11196	0.17821
7309	3	-2.7107	-4.9268	-13.301	-9.7949	-1.0606	0.61309	-4.7524	-0.66238	-5.2089	-4.2278	-2.7107	-4.9268	-4.8936	-4.5411	-9.6489	-13.041	-1.4606	-4.8364	-7.6395	-6.5703	-2.7107	-4.9268	-9.3848	-2.3819	-6.3385	-8.7571	-1.4075	-2.6155	-5.5786	-4.3932
7356	3	-1.9824	-3.731	-10.875	-15.378	-0.58867	-3.1255	-2.4641	-0.31622	-0.99747	-1.3364	-1.9824	-3.731	0.031596	-4.6219	-8.4551	-14.805	-0.36323	-2.3568	-2.222	-5.0349	-1.9824	-3.731	-5.3466	-8.8965	-4.7857	-7.5603	-0.63596	-0.28851	-1.2319	-2.5316
7465	3	-0.95823	-2.6781	-1.6613	-6.3306	-7.9174	-13.853	-1.3561	-7.9208	-3.0521	-5.8372	-0.95823	-2.6781	-6.1834	-14.74	-3.2486	-7.2481	-5.9106	-4.6761	-2.3536	-4.2177	-0.95823	-2.6781	-7.4994	-16.967	-3.3477	-5.0074	-5.8315	-4.7023	-2.3498	-4.1263
7491	3	0.073068	-5.5299	-10.008	-8.0747	1.4253	-11.589	-6.039	-4.5492	-2.4971	-2.6529	0.073068	-5.5299	-15.561	-14.074	2.148	-4.3956	-5.3616	-4.8806	-2.0126	-1.7488	0.073068	-5.5299	-5.6583	-2.8759	-6.5454	-17.293	-2.768	-8.2615	-2.9251	-2.8956
7497	3	0.46747	-1.3898	-1.9192	-1.9494	-10.676	-15.166	5.5033	-2.3693	-3.6229	-7.5449	0.46747	-1.3898	-8.4745	-6.772	-5.8243	-7.151	5.0484	-2.4913	-2.7373	-5.477	0.46747	-1.3898	-3.2592	-7.7115	-4.8175	-9.7399	4.5792	-0.51651	-2.7907	-6.3756
7544	3	1.321	-7.458	-1.6039	3.6828	-9.0215	-12.198	-6.2159	-5.695	-3.518	-8.3948	1.321	-7.458	-10.57	-1.1784	-1.4793	-7.9598	-10.181	-2.5964	-3.058	-6.1213	1.321	-7.458	-11.541	-6.8489	-3.0936	-2.0543	-9.4829	-3.0088	-2.7437	-3.6937
7566	3	-1.47	0.22001	-9.882	-12.179	0.51347	-1.6887	-5.4192	-5.4136	-2.7049	-4.0803	-1.47	0.22001	-3.0464	-2.0743	-8.3147	-19.751	0.32631	-11.083	-3.5377	-8.7506	-1.47	0.22001	-3.0725	-6.8173	-5.2384	-12.935	0.30755	-9.0809	-3.5373	-6.6259
7632	3	0.39727	-4.1093	-2.2049	-2.857	-7.7935	-17.842	-3.0031	-2.5116	-5.8824	-9.9633	0.39727	-4.1093	-6.5527	-11.145	0.11777	-9.6719	-7.3647	-1.92	-4.4564	-5.2649	0.39727	-4.1093	-11.561	-15.011	0.017332	-5.952	-7.3574	-1.9919	-4.2591	-4.6839
7694	3	-1.335	-5.0444	-7.1638	-9.8976	-6.8522	-5.0721	-8.0944	-4.1124	-3.4045	-4.0796	-1.335	-5.0444	-1.2486	-4.6666	-11.687	-12.902	-7.8541	-3.3832	-4.765	-4.7908	-1.335	-5.0444	-2.8445	-9.2172	-6.864	-9.72	-8.3353	-4.01	-3.5223	-4.1581
7708	3	0.6728	-3.45	4.0018	1.6378	-13.322	-19.076	-1.5596	-6.1586	-3.2318	-6.2683	0.6728	-3.45	-4.3924	-9.1082	-4.4218	-3.1402	-7.0894	-2.1167	-2.1591	-2.3196	0.6728	-3.45	-2.3407	1.2709	-8.3637	-13.502	-1.5913	-2.7074	-3.2318	-6.2683
7783	3	-3.5005	-6.3715	-4.9727	-5.9	-13.636	-16.287	-0.22364	-4.4574	-4.2173	-9.6468	-3.5005	-6.3715	-11.111	-8.6933	-3.9259	3.0739	-5.5853	1.1464	-2.6259	-4.5122	-3.5005	-6.3715	-5.1413	-8.7568	-7.8381	-9.9185	-0.34153	-3.1339	-4.2173	-9.6466
7792	3	-3.7319	-0.59373	-6.374	-1.6719	-7.8815	-20.757	-1.8378	-4.9093	-2.969	-3.4166	-3.7319	-0.59373	-6.3809	-6.4424	-4.6969	-13.705	-6.3754	-3.6416	-2.969	-3.4166	-3.7319	-0.59373	-0.26409	-1.5382	-13.275	-30.969	-1.695	-7.9211	-2.969	-3.4166
7892	3	-3.4736	-5.1829	-15.004	-15.274	-1.1149	-5.2659	-1.982	3.6824	-2.9551	-1.5405	-3.4736	-5.1829	-6.1774	-4.3326	-8.9341	-15.637	-1.4965	2.9606	-5.7105	-6.5589	-3.4736	-5.1829	-9.3429	-10.332	-0.46699	-9.5479	-1.9822	3.6824	-2.9552	-2.7189
7950	3	-3.984	-1.4574	-2.3746	-3.3482	-10.456	-17.881	-0.041609	-5.0279	-3.2724	-5.0131	-3.984	-1.4574	-10.311	-12.404	-0.8352	-5.3057	-5.927	-5.3012	-1.8179	-1.3144	-3.984	-1.4574	-5.6043	-7.8685	-0.46804	-10.268	-5.927	-5.0656	-2.0221	-2.3868
7971	3	-1.2829	-2.0453	-11.64	-10.199	0.54139	-1.1371	-4.6754	0.46811	-3.2364	-5.2383	-1.2829	-2.0453	-6.4291	-4.8278	-9.5	-16.676	0.60068	-6.0663	-4.2932	-10.812	-1.2829	-2.0453	-6.0106	-9.6047	-2.9332	-12.08	0.33343	-0.22683	-3.7187	-5.8604
7990	3	-2.1794	-6.0262	-6.6982	-9.6329	-7.6158	-10.848	-5.5269	1.0172	-10.37	-2.5957	-2.1794	-6.0262	-6.6051	-4.049	-12.654	-21.9	-5.5625	-4.8563	-11.487	-5.366	-2.1794	-6.0262	-13.726	-11.219	-3.9413	-9.4287	-4.0616	1.0021	-6.348	-0.75728
8013	3	-0.32121	-4.0632	-12.058	-13.585	-1.1964	-2.8061	-6.543	-7.4919	-2.0577	-3.8313	-0.32121	-4.0632	-6.1618	-13.331	-2.533	-5.8739	-6.6534	-7.221	-2.1506	-4.3826	-0.32121	-4.0632	-4.2562	-5.6502	-10.551	-9.2802	-3.721	-5.7942	-3.3407	-5.4684
8035	3	-1.1678	-1.9754	-9.5349	-13.205	-1.6221	-1.3427	-5.4656	-1.35	-2.9984	-1.9723	-1.1678	-1.9754	0.77152	-0.86178	-13.6	-19.516	-1.3352	-7.1444	-3.0177	-5.171	-1.1678	-1.9754	-5.7067	-3.8856	-8.1577	-9.4265	-1.3312	-2.4369	-3.0038	-2.0522
8099	3	0.0046503	-2.0681	-12.707	-11.523	-4.0046	-2.0957	-6.1594	-1.7131	-2.7334	-3.7211	0.0046503	-2.0681	-2.6042	-4.3206	-9.7938	-11.794	-4.3522	-2.8805	-5.6261	-8.6264	0.0046503	-2.0681	-7.9066	-10.814	-4.0475	-7.4904	-6.1465	-1.7025	-2.737	-3.7356
8126	3	2.2289	-2.0574	-0.087369	-0.044725	-11.924	-16.605	1.5347	-1.9121	-2.391	-2.9638	2.2289	-2.0574	-5.8605	-7.9412	-3.6962	-8.0392	-3.7877	1.0119	-1.3832	0.0044717	2.2289	-2.0574	-10.073	-10.238	-2.9768	-2.8643	-3.7916	1.0115	-1.383	0.057648
8132	3	-3.578	-4.8874	0.30674	-7.4747	-7.4301	-12.16	-5.965	-7.8205	-1.3467	-0.63057	-3.578	-4.8874	-6.1793	-9.1988	-2.8543	-11.427	-7.63	-8.8488	-0.80934	-0.17865	-3.578	-4.8874	-8.3942	-12.228	-2.0979	-6.4117	-6.1413	-9.2117	-0.46423	0.17116
8142	3	-1.5948	-3.5384	-6.0285	-3.6985	-8.6478	-20.44	-1.6856	-6.4148	-2.6726	-5.4438	-1.5948	-3.5384	-7.7845	-7.5255	-6.112	-14.211	-3.2932	-3.9225	-1.47	-2.7583	-1.5948	-3.5384	-8.42	-7.8719	-5.344	-14.776	-3.4485	-3.8255	-1.8629	-4.1286
8159	3	-1.8415	-0.020735	-16.634	-8.6577	-1.4529	-1.3805	-8.2299	-2.0348	-0.27189	-2.1615	-1.8415	-0.020735	-6.2134	2.5405	-9.224	-17.121	-1.9243	-8.1672	-0.48383	-3.4806	-1.8415	-0.020735	-10.761	2.4836	-6.8266	-16.482	-1.9695	-8.1083	-0.41139	-3.3108
8169	3	1.3725	-0.30191	-7.9509	-4.9332	-5.1204	-12.375	-1.5448	-0.5626	0.084345	-3.8926	1.3725	-0.30191	-3.3247	-2.3539	-13.02	-22.493	-0.26102	-6.3788	-0.017035	-4.103	1.3725	-0.30191	-14.113	-8.91	-2.2814	-0.86822	-5.205	-0.74685	0.48617	-1.8599
8180	3	-0.024865	-2.608	-15.076	-8.6049	-6.2491	-4.7035	-6.9494	-0.13099	-5.4795	0.91236	-0.024865	-2.608	-9.3796	-2.1204	-14.441	-13.452	-2.4384	-4.7887	-6.7244	-2.7061	-0.024865	-2.608	-7.9171	-6.3815	-12.769	-9.8962	-2.5407	-5.06	-5.48	0.89833
8186	3	-0.63425	-1.3403	-4.0812	-7.9561	-5.175	-18.956	-0.97941	-5.0563	-0.90261	-5.053	-0.63425	-1.3403	1.0182	-4.0728	-13.657	-25.31	-0.61484	-8.7361	-0.90261	-5.053	-0.63425	-1.3403	-8.1868	-15.375	-3.4514	-8.4309	-1.2241	-3.1792	-0.89851	-4.1537
8253	3	-1.0762	-0.61199	-5.508	-7.2937	-11.424	-12.086	-1.0747	-1.7172	-5.6274	-6.3978	-1.0762	-0.61199	-8.1259	-12.626	-7.6939	-7.6857	-4.2035	-4.1597	-4.1939	-3.4707	-1.0762	-0.61199	-13.692	-15.672	-5.9483	-5.5594	-4.4184	-3.7284	-4.1937	-2.8699
8272	3	-0.74953	0.36399	2.1549	-1.6516	-6.9792	-21.25	-2.9582	-2.9191	-3.6839	-6.7252	-0.74953	0.36399	-8.6618	-11.412	0.22401	-3.0241	-7.2839	0.11602	-2.7459	-2.5274	-0.74953	0.36399	-3.9847	-7.4249	-1.9854	-10.281	-4.0789	0.29361	-2.8514	-3.73
8297	3	-0.43038	-5.4657	-3.9191	-5.6092	-13.373	-7.1832	-2.167	-4.7959	-2.176	-3.5913	-0.43038	-5.4657	-12.682	-15.867	-4.5806	3.2359	-4.9895	1.5967	-2.0865	-3.3	-0.43038	-5.4657	-6.2297	-6.944	-10.456	-4.3401	-2.1021	-4.7421	-2.0883	-3.3082
8327	3	-3.5214	-7.3849	-8.261	-1.8499	-13.55	-14.352	-0.79825	-8.4676	-7.5754	-7.3726	-3.5214	-7.3849	-20.363	-10.783	-2.7963	0.075109	-5.1211	-3.7225	-7.5326	-3.7689	-3.5214	-7.3849	-14.354	-2.1393	-8.206	-11.77	-1.8712	-8.4521	-7.575	-7.37
8350	3	-3.3926	-1.5971	-16.09	-14.009	-1.2782	-6.7418	-3.0216	0.38753	-4.9703	-0.92721	-3.3926	-1.5971	-5.4279	-3.1491	-11.004	-22.176	2.7072	-5.428	-4.9971	-1.1767	-3.3926	-1.5971	-6.8128	-8.097	-5.5082	-11.328	2.64	-0.47971	-4.9962	-1.1691
8356	3	-3.6955	-3.4975	-11.599	-16.588	-0.98083	-5.4933	-7.7336	-0.26701	-4.8282	-2.8231	-3.6955	-3.4975	-3.2432	-5.0153	-10.934	-14.506	-7.1628	-5.2334	-6.3457	-5.8874	-3.6955	-3.4975	-4.3783	-7.7496	-6.0903	-11.874	-10.236	-0.10932	-6.3455	-5.8843
8376	3	-2.6424	-3.7397	-15.005	-16.124	-3.9735	-4.2771	-6.4723	-2.9866	-2.0185	-1.3619	-2.6424	-3.7397	-5.4842	-7.0745	-9.7858	-13.277	-4.1969	-4.1483	-3.7883	-5.4881	-2.6424	-3.7397	-8.4509	-15.601	-6.431	-9.1494	-2.2956	-3.7268	-2.0264	-2.0928
8377	3	-1.1551	-1.6828	-2.2152	-3.7201	-13.385	-10.827	-2.1099	-5.5256	-4.9416	-5.994	-1.1551	-1.6828	-8.9075	-9.5148	-2.8418	-6.7375	-8.2515	-1.7742	-4.4697	-2.0399	-1.1551	-1.6828	-8.9056	-8.0758	-2.1489	-7.6862	-8.7032	-1.7486	-4.9412	-3.9067
8459	3	-0.83807	-2.1153	-3.2949	-7.6776	-8.2959	-17.201	-2.3996	-2.6762	-6.2953	-6.069	-0.83807	-2.1153	-3.2948	-3.9676	-12.459	-17.299	-2.2352	-2.6786	-6.2953	-6.069	-0.83807	-2.1153	-13.492	-14.132	-1.9704	-3.4132	-4.8886	0.81986	-5.8049	-4.8687
8493	3	-5.4633	-2.5856	-2.4122	-3.8759	-12.567	-21.073	0.32727	-10.073	-4.1341	-3.3096	-5.4633	-2.5856	-4.6631	-10.45	-6.2941	-14.483	-2.7093	-5.5254	-4.1341	-3.3096	-5.4633	-2.5856	-2.5527	-9.3214	-7.5596	-18.009	-0.32149	-5.5942	-4.1341	-3.3096
8526	3	-4.0162	-2.1632	-13.56	-15.731	-1.8675	-1.475	-4.0564	-0.85258	-2.5609	-3.9965	-4.0162	-2.1632	-9.1801	-6.7693	-8.4794	-10.11	2.3091	-6.6821	-2.8193	-4.9231	-4.0162	-2.1632	-4.012	-5.3561	-14.185	-15.519	2.3074	-7.2043	-3.9817	-6.9867
8543	3	-2.8704	-4.104	-8.8548	-9.7206	3.4944	-7.8229	-5.2472	-4.2702	-1.8645	-4.427	-2.8704	-4.104	-15.046	-15.879	3.1308	-1.9568	-5.2375	-4.5913	-1.6402	-4.1266	-2.8704	-4.104	-2.4168	-3.4643	-4.4559	-14.791	-4.4543	-8.5991	-2.8005	-5.2328
8612	3	-1.0084	-2.8932	-10.507	-15.483	0.35551	-4.4099	-7.4382	-4.3958	-4.6167	-1.8301	-1.0084	-2.8932	-3.9382	-9.493	-4.9867	-11.129	-3.8479	-4.4258	-4.6189	-2.026	-1.0084	-2.8932	0.37672	-5.2242	-8.9689	-17.561	-2.3933	-9.4276	-4.6932	-2.886
8627	3	0.081994	-2.9763	-11.695	-7.6819	-1.5081	-2.7915	-5.8925	-2.108	-6.3155	-5.5112	0.081994	-2.9763	-0.20052	-4.5458	-6.1683	-15.077	-3.1282	-4.1227	-7.1509	-8.9216	0.081994	-2.9763	-2.3942	-8.038	-4.3279	-8.8631	-2.8831	-2.9491	-6.7035	-5.9073
8633	3	0.45916	-3.1909	-4.9196	-6.1902	-6.2038	-7.1722	-5.4494	-3.1934	-2.5128	-4.6133	0.45916	-3.1909	-9.4661	-9.1258	-4.0661	-4.562	-5.5177	-5.3554	-1.8023	-1.0754	0.45916	-3.1909	-2.3616	-1.7287	-11.054	-21.177	-0.23471	-8.7132	-2.5217	-4.6615
8637	3	-0.85772	-2.1469	-9.961	-9.1607	0.85558	-6.7573	-10.353	-1.6435	-3.4391	-5.3557	-0.85772	-2.1469	-2.9252	-1.7646	-8.6326	-12.991	-9.0011	-3.7445	-4.0048	-11.183	-0.85772	-2.1469	-10.715	-5.8908	-4.385	-9.1192	-10.724	-1.4904	-3.9905	-7.8593
8654	3	-1.3082	-5.7532	-7.5695	-9.2659	-5.9202	-0.87394	-2.4186	-2.639	-1.5988	-3.9309	-1.3082	-5.7532	-5.4359	-3.8666	-12.467	-8.657	-2.8797	-1.8855	-4.5657	-6.5511	-1.3082	-5.7532	-7.4963	-6.9733	-7.6172	-1.9681	-2.3051	-2.689	-1.5988	-3.9309
8676	3	-2.3617	-3.7371	-2.4844	-10.772	-5.9152	-13.668	-0.23382	-3.4543	-1.2767	-5.9575	-2.3617	-3.7371	-2.4703	-4.2142	-11.912	-15.733	0.98859	-7.1151	-1.2767	-5.9575	-2.3617	-3.7371	-10.992	-14.192	0.074297	-4.3031	-3.9535	-2.9347	-0.64672	-4.6444
8790	3	-0.17441	-3.658	-7.8243	-10.691	-3.0605	-9.1848	2.7979	-0.081551	-1.7265	-6.3431	-0.17441	-3.658	-5.3583	-6.4702	-7.825	-15.944	-0.49416	-2.5369	-2.8678	-10.549	-0.17441	-3.658	-15.856	-12.828	3.0301	-2.7549	-3.3556	-0.41427	-1.1613	-5.8643
8793	3	-3.8226	-3.1006	0.59731	-6.191	-11.577	-16.733	-4.7722	-5.4928	-10.747	-5.3326	-3.8226	-3.1006	-7.1141	-16.208	-2.9961	-6.8089	-10.039	1.0476	-7.9526	-2.7274	-3.8226	-3.1006	-6.0163	-6.4319	-6.3693	-10.435	-5.0562	-0.61684	-9.4763	-3.092
8801	3	-1.5537	-0.88266	-6.6573	-12.35	-5.5892	-6.7287	-11.376	1.8595	-5.5192	-2.363	-1.5537	-0.88266	0.15438	-9.2632	-8.442	-11.853	-8.881	0.10267	-5.6486	-3.2494	-1.5537	-0.88266	0.7455	-4.9731	-14.235	-17.674	-6.5749	-3.2268	-6.888	-5.4274
8861	3	-1.8224	-4.7387	-13.08	-17.153	-2.0357	0.56803	-3.7818	2.6335	-1.8976	0.41594	-1.8224	-4.7387	-6.1276	-10.56	-6.0159	-8.7082	2.725	2.2446	-1.8976	0.29838	-1.8224	-4.7387	-5.244	-5.0007	-10.084	-11.116	2.7253	2.1631	-1.8976	-1.6464
8926	3	1.3234	-0.86202	-6.4751	-2.8289	-11.856	-20.666	1.1775	-7.8697	-2.9791	-4.051	1.3234	-0.86202	-11.77	-10.614	-6.2223	-8.7808	0.88451	-3.5383	-2.7964	-3.6559	1.3234	-0.86202	-10.456	-7.0299	-7.4473	-10.583	1.1524	-5.464	-2.8331	-3.7573
9040	3	-3.1136	-2.7826	-13.277	-8.4044	-7.59	-1.9696	-2.25	-11.924	-3.0995	-5.2166	-3.1136	-2.7826	-17.691	-14.922	-1.2802	-1.2151	-6.6889	-6.1447	-3.0995	-5.2166	-3.1136	-2.7826	-7.1265	-2.5798	-12.646	-9.3282	-2.1489	-12.608	-3.1721	-6.7644
9149	3	-1.5895	0.13754	-4.4212	-2.5819	-8.05	-16.281	-2.1123	-4.9972	-4.2182	-5.4969	-1.5895	0.13754	-8	-7.9042	-2.1834	-9.566	-5.4976	0.32807	-3.0154	-2.1534	-1.5895	0.13754	-12.387	-13.049	-2.9357	-5.0981	-5.1359	0.23936	-2.9567	-1.7667
9179	3	-2.2342	-3.7974	-10.837	-16.859	-1.7248	-7.6452	-7.5414	-0.28542	-5.5154	-4.021	-2.2342	-3.7974	-8.71	-12.048	-2.2243	-11.266	-8.7013	-0.13831	-6.2419	-4.5198	-2.2342	-3.7974	-9.6041	-4.7524	-6.0788	-12.406	-6.9439	-0.82008	-7.5253	-5.1962
9193	3	-0.089997	-4.3127	-8.0749	-2.5707	-8.5818	-11.15	-1.8678	-7.6944	-6.0276	-7.8828	-0.089997	-4.3127	-20.469	-12.19	-0.94709	-0.20607	-6.8057	-2.3335	-5.8527	-3.8446	-0.089997	-4.3127	-14.086	-5.515	-5.2908	-4.8748	-2.0095	-2.6396	-5.8527	-3.8446
9199	3	-1.1842	-2.3131	0.83739	-0.61335	-8.64	-16.995	-1.4847	-10.576	1.624	-6.2969	-1.1842	-2.3131	-10.909	-8.2391	-1.3105	-2.9284	-6.4945	-4.7689	2.6082	-4.177	-1.1842	-2.3131	-5.3578	-5.9007	-2.5602	-6.9766	-6.451	-4.6915	1.6427	-6.2671
9224	3	-0.68514	-1.9203	-4.2985	0.99949	-9.8028	-10.904	-6.6856	-3.9512	-3.983	-4.652	-0.68514	-1.9203	-11.215	-9.8775	1.7545	0.032985	-10.87	2.2496	-2.9653	-4.2223	-0.68514	-1.9203	-6.1495	-4.726	-6.0203	-2.2159	-8.013	2.1831	-2.9677	-4.2239
9235	3	-0.79078	-4.4085	-10.977	0.71469	-5.0992	-9.0859	-6.4858	-0.07358	-2.6011	-1.6818	-0.79078	-4.4085	-5.1654	1.3981	-6.315	-13.946	-2.6901	-1.5089	-2.6161	-2.6254	-0.79078	-4.4085	-15.108	-8.694	0.74932	-3.1866	-7.9868	-0.023896	-2.6011	-1.6818
9251	3	-2.5575	-2.8037	-2.1066	-2.617	-9.692	-18.774	-5.4204	-13.526	-4.647	-5.1072	-2.5575	-2.8037	-14.579	-12.273	-4.9522	-7.0412	-7.8699	-8.1806	-3.6884	-2.1082	-2.5575	-2.8037	-8.418	-8.7007	-2.7721	-12.768	-8.0588	-8.0136	-3.8528	-2.8876
9285	3	-3.9524	-3.9384	-10.796	-12.076	1.5704	-1.5992	1.3277	-2.7226	-2.3441	0.79665	-3.9524	-3.9384	-7.444	-6.3331	-5.4479	-3.3272	3.8832	-5.2557	-2.3441	0.79665	-3.9524	-3.9384	-2.7066	-2.4567	-6.9401	-11.622	3.9193	-5.2525	-2.3487	0.5742
9303	3	-2.4104	-3.9551	-1.3253	2.1776	-11.097	-20.866	-2.6977	-7.0498	1.2164	-8.5384	-2.4104	-3.9551	-9.0237	-3.6722	-5.3244	-12.652	-8.1022	-2.0859	1.2164	-6.1807	-2.4104	-3.9551	-13.761	-7.7143	-3.2112	-6.4658	-8.1099	-0.76961	1.2227	-4.1877
9334	3	-2.2574	-0.66227	-3.2984	-7.0562	-4.5011	-12.504	-6.3648	-4.6371	-0.84634	-3.4532	-2.2574	-0.66227	-7.0036	-9.2381	-2.3581	-11.422	-9.503	-4.0397	-0.77835	-3.0092	-2.2574	-0.66227	-12.18	-16.233	-0.79417	-7.0196	-9.6425	-4.0033	-0.62611	-1.4827
9358	3	-2.483	-6.7176	-2.4586	-9.1968	-6.5495	-9.8017	-4.4782	-2.8202	-5.6105	-2.9816	-2.483	-6.7176	-10.778	-15.077	-2.9189	-2.0214	-6.7791	-0.83812	-5.5023	-2.2094	-2.483	-6.7176	-7.4165	-15.074	-5.0701	-2.238	-5.2787	-1.9052	-5.5023	-2.2094
9379	3	-0.9079	-4.0977	0.43359	-9.3229	-6.4603	-15.29	-1.9443	-5.3039	-2.5451	-7.6792	-0.9079	-4.0977	0.43587	-6.5346	-9.7931	-19.088	-1.5088	-6.0667	-2.5451	-7.6792	-0.9079	-4.0977	-9.1851	-15.708	-1.8353	-7.3825	-1.5772	-2.3164	0.38526	-5.1351
9409	3	-3.0168	-5.5057	-2.552	-8.2921	-5.726	-10.536	-3.1403	-6.2174	-1.7041	-3.0875	-3.0168	-5.5057	-1.2473	0.4565	-10.077	-13.815	-3.8734	-7.9224	-1.9919	-6.5791	-3.0168	-5.5057	-7.9092	-10.494	-1.4919	-5.863	-8.745	-4.3303	-1.7037	-3.0017
9434	3	-2.787	-4.8753	-2.751	-6.9765	-0.40873	-9.9693	-5.8	-0.18179	-2.1605	-7.681	-2.787	-4.8753	-0.28234	-1.6247	-5.4383	-19.902	-4.7726	-5.5348	-2.6616	-8.6508	-2.787	-4.8753	-8.8648	-10.149	4.4319	-4.7284	-6.3999	-1.7509	-1.4058	-6.1903
9441	3	-4.234	-2.7024	-8.9392	-10.061	2.7056	-6.5768	-5.5526	1.5071	-4.7425	-3.8492	-4.234	-2.7024	-1.4425	-3.6392	-8.1125	-16.133	-3.1788	-2.0805	-8.9679	-8.137	-4.234	-2.7024	-7.8047	-5.4672	-0.97155	-10.04	-5.5598	1.3824	-4.7454	-3.8518
9477	3	-1.6495	-4.273	-9.8586	-8.2882	-9.3428	-8.39	-1.7561	-11.166	-2.9116	-1.2513	-1.6495	-4.273	-16.187	-13.472	-5.0567	-1.0494	-6.5047	-6.1665	-2.8744	-1.2429	-1.6495	-4.273	-5.9071	-4.2592	-15.558	-12.54	-1.8355	-10.607	-4.8979	-2.0078
9483	3	-1.9265	-2.1458	1.6878	-5.6982	-11.078	-13.634	-1.8357	-6.0319	-5.3182	-5.2891	-1.9265	-2.1458	-5.0655	-12.387	-5.0264	-3.6001	-4.0538	-0.97554	-5.2291	-2.4075	-1.9265	-2.1458	1.6238	-10.238	-5.8716	-10.473	-1.8621	-3.2806	-5.2631	-4.8045
9486	3	1.0296	-5.3859	-9.473	-12.881	-2.9183	-7.0053	-1.3729	-1.405	-4.8933	-3.5412	1.0296	-5.3859	-4.6387	-8.8371	-2.2611	-9.8211	-1.7276	-1.1562	-5.0636	-4.7212	1.0296	-5.3859	-0.66233	-5.4949	-10.656	-15.279	-0.62156	-1.9555	-5.8807	-5.9824
9576	3	0.28035	-0.87454	-8.4172	-16.378	-4.4447	-5.4322	0.57173	1.9184	-1.4215	-0.29873	0.28035	-0.87454	-2.4363	-5.1696	-9.7967	-20.448	1.1279	-1.6534	-1.5942	-1.3495	0.28035	-0.87454	-4.3422	-11.685	-3.8708	-9.9603	0.37994	2.445	-1.5358	-1.0315
9577	3	-4.6791	-5.9819	-9.8411	-7.6197	1.5276	-4.2083	-2.6857	-3.1441	-2.5085	-4.7594	-4.6791	-5.9819	-5.6336	-1.6099	-0.88612	-9.8852	-0.99148	-2.451	-2.6866	-6.0418	-4.6791	-5.9819	-1.3196	-0.34025	-6.8495	-12.961	2.4895	-6.332	-2.8167	-6.6113
9605	3	-3.8897	-3.2414	-4.7901	-7.0416	-6.3828	-10.696	-4.1047	-1.0055	-5.4176	-5.7424	-3.8897	-3.2414	-7.4533	-12.685	0.47816	-8.3152	-1.0145	0.41966	-3.0633	-4.4915	-3.8897	-3.2414	-4.8721	-12.485	-0.89839	-9.517	-1.4713	0.49141	-3.2741	-4.559
9631	3	-1.3923	-1.5455	-6.8141	0.0005367	-10.198	-19.904	-0.06781	-4.2799	-4.6324	-7.0434	-1.3923	-1.5455	-11.826	-0.3089	-4.3259	-14.057	-0.20094	-1.131	-3.7123	-6.7751	-1.3923	-1.5455	-11.303	-10.413	-1.2321	-4.812	-6.2237	1.118	-1.6575	-4.666
9633	3	-1.9749	0.47573	-8.9825	-11.727	-2.5015	2.1119	-7.0243	-0.80786	-2.6331	-2.8802	-1.9749	0.47573	-3.7159	-0.63258	-8.1406	-10.957	-2.4161	-4.8335	-4.1965	-9.2089	-1.9749	0.47573	-6.7021	-2.4256	-6.5036	-7.205	-3.8961	-0.76914	-4.1965	-9.0405
9653	3	-2.4559	-3.9764	-8.3096	-4.0568	-1.2825	-10.351	-6.3408	-2.7611	-2.9646	-4.2355	-2.4559	-3.9764	-10.177	-8.8872	1.3743	-6.1097	-6.3303	-2.8073	-2.9524	-4.0763	-2.4559	-3.9764	-0.22351	-1.7424	-7.6262	-16.195	-1.3889	-4.5869	-3.7772	-5.7535
9721	3	3.3065	-2.4595	-14.733	-8.8345	-2.5008	-8.0616	0.76315	-5.807	-2.0544	1.5738	3.3065	-2.4595	-15.402	-10.782	-2.3793	-6.8412	0.70352	-5.8132	-2.0235	1.6037	3.3065	-2.4595	-5.8197	-4.6066	-8.6129	-10.853	1.1471	-8.0716	-4.2663	0.44953
9731	3	-0.66335	-3.1072	-4.642	-17.423	-0.62976	0.97177	-0.81141	-0.0027945	-1.6681	-3.3538	-0.66335	-3.1072	1.7369	-12.538	-5.424	-3.2915	4.1188	-0.0060975	-1.6681	-3.3538	-0.66335	-3.1072	7.5904	-5.4724	-8.2708	-17.322	4.7173	-5.4002	-2.0224	-6.3394
9738	3	-1.9236	-1.5692	-17.164	-9.2885	-4.1595	-5.4715	-6.44	0.7375	-4.5897	-2.4961	-1.9236	-1.5692	-5.5917	-2.3535	-12.392	-12.033	-1.8361	-4.1259	-5.1369	-4.9943	-1.9236	-1.5692	-10.22	-2.3504	-7.9405	-9.1774	-1.1741	0.77961	-4.669	-3.3595
9749	3	-8.3883e-05	-2.1479	-14.159	-15.131	-1.6298	-2.7052	-8.4626	0.45693	-1.5301	-3.0626	-8.3883e-05	-2.1479	-13.058	-4.2021	-7.1399	-11.586	-2.2608	-3.7833	-1.8196	-7.7805	-8.3883e-05	-2.1479	-3.3485	-4.1656	-13.045	-17.723	-2.2577	-4.0025	-1.8196	-7.7955
9807	3	-2.0386	0.24906	-13.103	-3.2051	-7.3328	-8.467	0.46014	1.0858	-0.97191	-2.7365	-2.0386	0.24906	-18.704	-9.7857	-3.617	-4.6362	-1.3626	2.9714	-0.81787	-1.1524	-2.0386	0.24906	-8.2483	-4.8247	-13.362	-9.3726	0.80744	-0.88108	-1.9225	-4.0963
9902	3	-0.63667	-4.3215	-6.3699	-2.4881	-9.6769	-18.808	-0.30199	-8.0419	-2.8583	-9	-0.63667	-4.3215	-11.246	-5.456	-5.2904	-11.696	-1.3282	-4.0014	-2.8581	-8.6636	-0.63667	-4.3215	-18.655	-11.48	-0.046171	-2.2096	-5.0843	-4.3162	-1.282	-4.3336
9946	3	-2.0197	-4.8474	-1.7705	-5.9878	-6.2463	-18.823	-10.127	-13.325	-4.7273	-0.11302	-2.0197	-4.8474	-7.6156	-11.011	-1.8436	-11.084	-10.063	-8.3118	-4.6904	-0.084568	-2.0197	-4.8474	-4.3542	-10.863	-3.7052	-13.406	-10.15	-8.3866	-4.7273	-0.11302
9999	3	-4.4688	-1.7188	-13.115	-16.239	-2.8625	-2.3921	-13.153	1.5098	-1.9722	-3.0982	-4.4688	-1.7188	-1.1881	-6.9587	-11.338	-9.9645	-7.4146	-4.0335	-2.3685	-4.376	-4.4688	-1.7188	-1.1572	-6.9642	-11.569	-11.001	-7.4337	-4.0836	-2.5524	-4.5313
